YLR184W,YLR185W,0.3334917710851086
YLR184W,YLR186W,0.14005725736142233
YLR184W,YLR187W,0.323663238817963
YLR184W,YLR188W,0.0329081470386987
YLR184W,YLR140W,0.10097003927471275
YLR184W,YLR141W,0.24180897967024356
YLR184W,YLR142W,0.2706584799608521
YLR184W,YLR143W,0.09246133506747177
YLR184W,YLR144C,0.08880217190671742
YLR184W,YLR145W,0.09701863466684331
YLR184W,YLR146C,0.18734636226613166
YLR184W,YLR147C,0.3547596152493551
YLR184W,YLR148W,0.10843155937093699
YLR184W,YLR149C,0.17194702094812364
YLR184W,YLR150W,0.21591917677404276
YLR184W,YLR151C,0.011659015036154177
YLR184W,YLR152C,0.24856780372940085
YLR184W,YLR153C,0.0945597870032848
YLR184W,YLR154C,-0.026663434811814636
YLR184W,YLR155C,0.23628928265884683
YLR184W,YLR156W,0.14007204506106632
YLR184W,YLR162W,0.407971492521657
YLR184W,YLR163C,0.05476380648904257
YLR184W,YLR164W,0.22696722821768872
YLR184W,YLR165C,0.1272639284441071
YLR184W,YLR166C,0.28552348860529597
YLR184W,YLR119W,0.13991778348939438
YLR184W,YLR120C,0.1963581663783741
YLR184W,YLR121C,0.0900557072219819
YLR184W,YLR122C,0.44474121731274874
YLR184W,YLR123C,0.19940868422610575
YLR184W,YLR124W,0.26663974794978423
YLR184W,YLR125W,0.32598209554123525
YLR184W,YLR126C,0.21782613616370783
YLR184W,YLR127C,0.34885630636140014
YLR184W,YLR128W,0.28843509679741114
YLR184W,YLR129W,0.12791550336344934
YLR184W,YLR130C,0.0825044676998379
YLR184W,YLR131C,-0.06898727157585575
YLR184W,YLR132C,-0.07658146653160249
YLR184W,YLR133W,0.029583395348715614
YLR184W,YLR134W,0.2563202012643438
YLR184W,YLR135W,0.11684757845238347
YLR184W,YLR136C,0.18216451104469117
YLR184W,YLR137W,0.04054940300779968
YLR184W,YLR138W,0.3281397612897594
YLR184W,YLR139C,0.009488340561523445
YLR184W,YLR096W,0.3550950311671771
YLR184W,YLR097C,0.13294229406259514
YLR184W,YLR098C,0.00773454576120668
YLR184W,YLR099C,0.31264015544118134
YLR184W,YLR100W,0.1359650595676723
YLR184W,YLR101C,0.13132479386365037
YLR184W,YLR102C,-0.030918709277553368
YLR184W,YLR103C,-0.17409469227537108
YLR184W,YLR104W,0.18467994496202272
YLR184W,YLR105C,0.3425834315918933
YLR184W,YLR106C,0.25667771032501935
YLR184W,YLR107W,0.06290398599733997
YLR184W,YLR108C,0.2001409505597438
YLR184W,YLR109W,0.14704665139152934
YLR184W,YLR110C,0.31745554365145723
YLR184W,YLR111W,0.10919617414754294
YLR184W,YLR112W,-0.08155134190074576
YLR184W,YLR113W,0.04543005495137907
YLR184W,YLR114C,0.11914603653192443
YLR184W,YLR115W,0.22171804146023333
YLR184W,YLR116W,0.3408131440306549
YLR184W,YLR117C,0.14076942734176925
YLR184W,YLR118C,0.22878724115340002
YLR184W,YLR074C,0.09276302799133432
YLR184W,YLR075W,0.4207228058958314
YLR184W,YLR076C,0.348409986411112
YLR184W,YLR077W,-0.03587648769751986
YLR184W,YLR078C,-0.15742465299859434
YLR184W,YLR079W,-0.14490001834198765
YLR184W,YLR080W,0.13860504674010718
YLR184W,YLR081W,0.14718339496652488
YLR184W,YLR082C,0.2287954510993307
YLR184W,YLR083C,0.19524316210800335
YLR184W,YLR084C,-0.03245807476397307
YLR184W,YLR085C,0.34103584599659015
YLR184W,YLR086W,0.1888986725540235
YLR184W,YLR087C,0.16932687107560923
YLR184W,YLR088W,0.2008153923824635
YLR184W,YLR089C,0.072503217415799
YLR184W,YLR090W,-0.014479349710327737
YLR184W,YLR091W,0.2091405528781052
YLR184W,YLR092W,-0.11148180239610145
YLR184W,YLR093C,0.1258769260662892
YLR184W,YLR094C,0.3421917078786615
YLR184W,YLR095C,0.20389363047241382
YLR184W,YLR051C,0.11392132431816891
YLR184W,YLR052W,0.14187792988993014
YLR184W,YLR053C,0.07219954055648393
YLR184W,YLR054C,0.06035739151474435
YLR184W,YLR055C,0.29965729309229117
YLR184W,YLR056W,0.12273713032469628
YLR184W,YLR057W,0.28675347582110117
YLR184W,YLR058C,0.09149034183380586
YLR184W,YLR059C,0.04538347472867307
YLR184W,YLR060W,0.17210439009935016
YLR184W,YLR061W,0.21548962542252342
YLR184W,YLR062C,0.32054339700910983
YLR184W,YLR063W,0.0007795420837325179
YLR184W,YLR064W,0.27994681646611985
YLR184W,YLR065C,0.11735326317686681
YLR184W,YLR066W,-0.07671085084317428
YLR184W,YLR067C,-0.07203766243930385
YLR184W,YLR068W,0.14175109979929212
YLR184W,YLR069C,-0.020272554022567488
YLR184W,YLR070C,0.07115903176025272
YLR184W,YLR071C,0.23192220367408606
YLR184W,YLR072W,0.17788279220486686
YLR184W,YLR073C,0.10559597316626912
YLR184W,YLR031W,0.2634244900126581
YLR184W,YLR032W,0.05793897777271959
YLR184W,YLR033W,-0.023207304433442367
YLR184W,YLR034C,0.1722824634410767
YLR184W,YLR035C,0.17206923496632087
YLR184W,YLR036C,0.018134522182256033
YLR184W,YLR037C,0.08204290931071581
YLR184W,YLR038C,0.07426721426616609
YLR184W,YLR039C,0.16375226646608393
YLR184W,YLR040C,0.11292041507642171
YLR184W,YLR041W,0.12272757607220838
YLR184W,YLR042C,0.001564747722262903
YLR184W,YLR043C,0.2529734895074302
YLR184W,YLR044C,0.42654037017046553
YLR184W,YLR045C,-0.08414461868326854
YLR184W,YLR046C,-0.014856515991873988
YLR184W,YLR047C,0.16800431040250605
YLR184W,YLR048W,0.3028610103915065
YLR184W,YLR049C,-0.17934792162550803
YLR184W,YLR050C,0.13735260485390657
YLR184W,YLR009W,0.12809007870880457
YLR184W,YLR010C,0.065259089939563
YLR184W,YLR011W,0.09395776847150052
YLR184W,YLR012C,0.14994853336638272
YLR184W,YLR013W,0.027519678042930533
YLR184W,YLR014C,0.21004453344776522
YLR184W,YLR015W,0.0680000469743046
YLR184W,YLR016C,0.13791748413981764
YLR184W,YLR017W,0.3238460643001541
YLR184W,YLR018C,0.29275001554155533
YLR184W,YLR019W,0.23125992603111598
YLR184W,YLR020C,0.10329996135260598
YLR184W,YLR021W,0.05869225839796629
YLR184W,YLR022C,0.04140282172609543
YLR184W,YLR023C,0.09181089584818444
YLR184W,YLR024C,0.24482897677278911
YLR184W,YLR025W,0.27732810078801284
YLR184W,YLR026C,0.054088432708194314
YLR184W,YLR027C,0.11515518691293783
YLR184W,YLR028C,0.2534040053122926
YLR184W,YLR029C,0.19989674965551266
YLR184W,YLR030W,0.18571217148415997
YLR184W,YLL015W,0.2553677214204253
YLR184W,YLL014W,0.15838333164699836
YLR184W,YLL013C,0.12953960857283445
YLR184W,YLL012W,-0.012960625842294888
YLR184W,YLL011W,0.12253143763644349
YLR184W,YLL010C,0.09900128346798952
YLR184W,YLL009C,-0.12071583102210323
YLR184W,YLL008W,0.13186617186479083
YLR184W,YLL007C,0.18681094503467177
YLR184W,YLL006W,0.12554291842307166
YLR184W,YLL005C,0.36052331031193197
YLR184W,YLL004W,0.005025867062648318
YLR184W,YLL003W,0.20717273291494598
YLR184W,YLL002W,-0.031059993380044237
YLR184W,YLL001W,0.033171059790062775
YLR184W,YLR001C,0.2314256320777909
YLR184W,YLR002C,0.16477112267766184
YLR184W,YLR003C,0.2022720383747643
YLR184W,YLR004C,0.2110714919274358
YLR184W,YLR005W,0.25776349029659973
YLR184W,YLR006C,0.1023353981721422
YLR184W,YLR007W,0.17774057083716566
YLR184W,YLR008C,0.016704435744164945
YLR184W,YLL035W,0.10168694885564883
YLR184W,YLL034C,0.17366984791532597
YLR184W,YLL033W,0.2218819687893485
YLR184W,YLL032C,-0.12870341557784945
YLR184W,YLL031C,0.018077301945545392
YLR184W,YLL030C,0.03027060286454323
YLR184W,YLL029W,0.2813919230118239
YLR184W,YLL028W,0.2463146795768423
YLR184W,YLL027W,0.24809953637785936
YLR184W,YLL026W,0.0994390442687245
YLR184W,YLL025W,0.18972716843512577
YLR184W,YLL024C,0.10675907132522307
YLR184W,YLL023C,0.1073349342347822
YLR184W,YLL022C,0.14560257930396087
YLR184W,YLL021W,0.10056417597051691
YLR184W,YLL020C,0.18409916608112556
YLR184W,YLL019C,0.08339157427192745
YLR184W,YLL018C,0.406608653753551
YLR184W,YLL017W,0.005326714486526736
YLR184W,YLL016W,0.28381064124394373
YLR184W,YLL057C,0.3725536363150415
YLR184W,YLL056C,0.2701568808989343
YLR184W,YLL055W,0.2839313633927914
YLR184W,YLL054C,0.18515047510304333
YLR184W,YLL053C,0.20385795935981657
YLR184W,YLL052C,0.11710154212618891
YLR184W,YLL051C,0.14464612604071178
YLR184W,YLL050C,0.1616394149431329
YLR184W,YLL049W,0.03121771378001917
YLR184W,YLL048C,0.48114597013062105
YLR184W,YLL047W,0.24262494321836545
YLR184W,YLL046C,0.1464791499760201
YLR184W,YLL045C,0.42413645379234627
YLR184W,YLL044W,0.33274903661324273
YLR184W,YLL043W,0.2330232948876084
YLR184W,YLL042C,0.058457203496842365
YLR184W,YLL041C,0.07677196637571042
YLR184W,YLL040C,0.10206217979904718
YLR184W,YLL039C,0.03861729725452622
YLR184W,YLL038C,0.33073288559515207
YLR184W,YLL037W,0.3274842078623247
YLR184W,YLL036C,0.16498416855281015
YLR184W,SNR64,0.04481528719587092
YLR184W,SNR38,0.17431577757190975
YLR184W,SNR69,0.32870329487841593
YLR184W,SNR42,0.22206009494225076
YLR184W,YLL065W,0.22502707311706138
YLR184W,YLL064C,0.0816683890846599
YLR184W,YLL063C,0.49201662707784977
YLR184W,YLL062C,-0.07983990510667646
YLR184W,YLL061W,-0.004546657184819428
YLR184W,YLL060C,0.20367594576369724
YLR184W,YLL059C,0.28496155585429456
YLR184W,YLL058W,0.23082132664313315
YLR184W,YKL200C,0.12278615114062466
YLR184W,YKL162C-A,0.20947694202423608
YLR184W,YKR035C,0.026903658730092324
YLR184W,YKL201C,0.14518820767151863
YLR184W,YKL199C,0.11156952223795577
YLR184W,YKR085C,-0.04878353879015799
YLR184W,YKR086W,0.39721021530254885
YLR184W,YKR087C,0.3774435936256943
YLR184W,YKR088C,0.17445921547145843
YLR184W,YKR089C,0.13945104122425706
YLR184W,YKR090W,-0.12392753971274814
YLR184W,YKR091W,0.1290562051962226
YLR184W,YKR092C,0.14327159311592585
YLR184W,YKR093W,-0.03837894630384829
YLR184W,YKR094C,0.11932191244844668
YLR184W,YKR095W,0.21437973713844746
YLR184W,YKR096W,0.32337540840357426
YLR184W,YKR097W,0.15705139486166295
YLR184W,YKR098C,0.10590732668961296
YLR184W,YKR099W,0.12365217102283893
YLR184W,YKR100C,0.019646655544060906
YLR184W,YKR101W,0.1981475442360481
YLR184W,YKR102W,-0.047592321210825614
YLR184W,YKR103W,0.17523708283143258
YLR184W,YKR104W,-0.04004974269131525
YLR184W,YKR105C,-0.018959906444037358
YLR184W,YKR062W,0.07665240258146072
YLR184W,YKR063C,0.23104209951909424
YLR184W,YKR064W,0.24364687064258866
YLR184W,YKR065C,0.07792002056474502
YLR184W,YKR066C,0.06649194535529472
YLR184W,YKR067W,0.1552912693841548
YLR184W,YKR068C,0.13804659582940557
YLR184W,YKR069W,-0.08391254607379005
YLR184W,YKR070W,-0.009751034179744805
YLR184W,YKR071C,0.050383514234680196
YLR184W,YKR072C,0.24264771312481456
YLR184W,YKR073C,0.31932908587361164
YLR184W,YKR074W,0.2525843870578661
YLR184W,YKR075C,0.1579683734404259
YLR184W,YKR076W,0.14136959856871215
YLR184W,YKR077W,0.04389027409694402
YLR184W,YKR078W,0.10411786042939117
YLR184W,YKR079C,0.20281927827150303
YLR184W,YKR080W,0.1760096257045965
YLR184W,YKR081C,0.1435551098436371
YLR184W,YKR082W,0.26462812820267545
YLR184W,YKR083C,-0.12682527777427294
YLR184W,YKR084C,0.2241581397503094
YLR184W,YKR038C,0.13799750666426172
YLR184W,YKR039W,0.3961816734923693
YLR184W,YKR040C,0.2096811319666283
YLR184W,YKR041W,-0.010318694888983663
YLR184W,YKR042W,0.2607708284493389
YLR184W,YKR043C,0.14439074146730074
YLR184W,YKR044W,-0.009751533475287875
YLR184W,YKR045C,0.09050252269272283
YLR184W,YKR046C,0.174752535628235
YLR184W,YKR047W,0.38769249324360094
YLR184W,YKR048C,0.33380118120056956
YLR184W,YKR049C,0.19135311405907532
YLR184W,YKR050W,0.23478131111636738
YLR184W,YKR051W,0.12651061489737483
YLR184W,YKR052C,0.2926455431617403
YLR184W,YKR053C,0.1706719819591132
YLR184W,YKR054C,0.2431867925764495
YLR184W,YKR055W,0.2792987780850291
YLR184W,YKR056W,0.15486342698273067
YLR184W,YKR057W,0.2341181351146676
YLR184W,YKR058W,0.09161529196138819
YLR184W,YKR060W,0.10396098883931659
YLR184W,YKR061W,0.01988454180891873
YLR184W,YKR016W,-0.022475050485043026
YLR184W,YKR017C,0.0999484626481817
YLR184W,YKR018C,0.2702832774774816
YLR184W,YKR019C,0.3879909763393859
YLR184W,YKR020W,0.2433670413435536
YLR184W,YKR021W,0.3363035777683955
YLR184W,YKR022C,0.14561021649659708
YLR184W,YKR023W,0.08421916201916628
YLR184W,YKR024C,0.11331699012629315
YLR184W,YKR025W,0.03987541250111141
YLR184W,YKR026C,0.06771568177216554
YLR184W,YKR027W,0.0584354251217439
YLR184W,YKR028W,0.30344365097084
YLR184W,YKR029C,0.28160985510014463
YLR184W,YKR030W,0.34145568670634796
YLR184W,YKR031C,0.2660670841006274
YLR184W,YKR032W,0.032620891888483106
YLR184W,YKR033C,0.20276352348403048
YLR184W,YKR034W,0.09687405346757193
YLR184W,YKR035W-A,-0.02447870396555644
YLR184W,YKR036C,0.27770744889574184
YLR184W,YKR037C,0.019947153235008508
YLR184W,YKL006C-A,-0.03373107925021448
YLR184W,YKL006W,0.260149325076062
YLR184W,YKL005C,0.3489041851568413
YLR184W,YKL004W,0.3227214155312622
YLR184W,YKL003C,-0.02352829755257508
YLR184W,YKL002W,0.17692690520933368
YLR184W,YKL001C,-0.07269149662536144
YLR184W,YKR001C,0.06854126041804261
YLR184W,YKR002W,0.010142597688685723
YLR184W,YKR003W,-0.09773135764849243
YLR184W,YKR004C,-0.007193503105691725
YLR184W,YKR005C,0.1527427911148893
YLR184W,YKR006C,-0.028388179071539912
YLR184W,YKR007W,0.16274060736459117
YLR184W,YKR008W,0.10639547148333828
YLR184W,YKR009C,0.10714356300163216
YLR184W,YKR010C,0.23374955737192707
YLR184W,YKR011C,-0.049548661034256265
YLR184W,YKR012C,0.1485473664748861
YLR184W,YKR013W,-0.15740273218613043
YLR184W,YKR014C,0.25492917946113564
YLR184W,YKR015C,0.27980481823260683
YLR184W,YKL028W,0.21333356230260062
YLR184W,YKL027W,0.044009288241572714
YLR184W,YKL026C,0.11200489380916391
YLR184W,YKL025C,0.2290868404182031
YLR184W,YKL024C,0.20612550842252297
YLR184W,YKL023W,0.21212270944072434
YLR184W,YKL022C,0.25489251990750994
YLR184W,YKL021C,0.1624407540094834
YLR184W,YKL020C,0.18474116299491342
YLR184W,YKL019W,0.31434875566682896
YLR184W,YKL018W,0.05534909185646323
YLR184W,YKL017C,0.28552510826663835
YLR184W,YKL016C,-0.03412160063932135
YLR184W,YKL015W,0.16671349009797068
YLR184W,YKL014C,0.21249065292442954
YLR184W,YKL013C,0.058215862090191264
YLR184W,YKL012W,0.3260305803801037
YLR184W,YKL011C,-0.02151426294722963
YLR184W,YKL010C,0.37170471027837876
YLR184W,YKL009W,0.12820352801460475
YLR184W,YKL008C,0.13889802859617362
YLR184W,YKL007W,0.08090632190650768
YLR184W,YKL051W,0.3938251488825035
YLR184W,YKL050C,0.3157516178286572
YLR184W,YKL049C,0.15992531420000777
YLR184W,YKL048C,0.1309412404540367
YLR184W,YKL047W,0.12050808639005908
YLR184W,YKL046C,0.1632654828900041
YLR184W,YKL045W,-0.12084733933814439
YLR184W,YKL044W,0.11684773616641635
YLR184W,YKL043W,0.1421504220528822
YLR184W,YKL042W,-0.032921989347302436
YLR184W,YKL041W,0.23453520539987757
YLR184W,YKL040C,0.10371753648769681
YLR184W,YKL039W,0.09701833822890463
YLR184W,YKL038W,0.2692234293549204
YLR184W,YKL037W,0.27573026551329866
YLR184W,YKL036C,0.1440502441447903
YLR184W,YKL035W,0.17041218202647163
YLR184W,YKL034W,0.20740302976251096
YLR184W,YKL033W,0.419399707205061
YLR184W,YKL032C,0.004508602081340752
YLR184W,YKL031W,-0.0030094833697082266
YLR184W,YKL030W,0.08460229092851235
YLR184W,YKL029C,0.11487458690497966
YLR184W,YKL072W,0.2573883215269324
YLR184W,YKL071W,0.18317859241498083
YLR184W,YKL070W,0.28054441868086627
YLR184W,YKL069W,0.14108422443756027
YLR184W,YKL068W,0.121804434745424
YLR184W,YKL067W,-0.034950759179319724
YLR184W,YKL066W,0.06720188074829178
YLR184W,YKL065C,0.22513181040064617
YLR184W,YKL064W,0.32966203750053014
YLR184W,YKL063C,0.2778115681236172
YLR184W,YKL062W,0.43168186982191775
YLR184W,YKL061W,0.17479634521014578
YLR184W,YKL060C,0.25225542450344957
YLR184W,YKL059C,0.27665362563783824
YLR184W,YKL058W,0.005071194129278589
YLR184W,YKL057C,-0.01709969379085032
YLR184W,YKL056C,0.2534210498304397
YLR184W,YKL055C,0.2582508791524145
YLR184W,YKL054C,0.19562229334360887
YLR184W,YKL053C-A,-0.04401278703885355
YLR184W,YKL053W,0.369672224247925
YLR184W,YKL052C,0.11950886012433527
YLR184W,YKL093W,0.23572163511992622
YLR184W,YKL092C,0.03262714503709336
YLR184W,YKL091C,0.1197289889689093
YLR184W,YKL090W,0.5904653041945184
YLR184W,YKL089W,0.056591245561408196
YLR184W,YKL088W,0.29110706060600905
YLR184W,YKL087C,-0.0682707135522542
YLR184W,YKL086W,0.18745061595096446
YLR184W,YKL085W,-0.017303449995520293
YLR184W,YKL084W,0.1839092483623647
YLR184W,YKL082C,0.15514420424058617
YLR184W,YKL083W,0.2379461519092329
YLR184W,YKL081W,0.06822598546796908
YLR184W,YKL080W,0.33678106173486094
YLR184W,YKL079W,0.28229638207958485
YLR184W,YKL078W,0.15341954920989054
YLR184W,YKL077W,0.23864950975312738
YLR184W,YKL076C,0.2812444581966296
YLR184W,YKL075C,0.3043140154398732
YLR184W,YKL074C,0.3214511526650217
YLR184W,YKL073W,0.12866338826722018
YLR184W,YKL115C,0.17029329807641147
YLR184W,YKL114C,-0.04588119092782139
YLR184W,YKL113C,-0.07688027015980416
YLR184W,YKL112W,0.012984731640305818
YLR184W,YKL111C,0.1864590781103963
YLR184W,YKL110C,0.23886589433964203
YLR184W,YKL109W,-0.03238287090673424
YLR184W,YKL108W,-0.09116665315826838
YLR184W,YKL107W,0.24423951588046955
YLR184W,YKL106W,0.2825184461384721
YLR184W,YKL105C,0.22234779769956142
YLR184W,YKL104C,0.2179114839533478
YLR184W,YKL103C,0.20195875291814444
YLR184W,YKL102C,0.2395587010655663
YLR184W,YKL101W,-0.13582450627032175
YLR184W,YKL100C,0.24005777149404953
YLR184W,YKL099C,0.08633438734897088
YLR184W,YKL098W,0.3794201052405783
YLR184W,YKL097C,0.13301521321719773
YLR184W,YKL097W-A,0.2864330874570911
YLR184W,YKL096W,0.20408245046668347
YLR184W,YKL095W,0.2351878745597991
YLR184W,YKL094W,0.18445588211638686
YLR184W,YKL136W,0.3326118384893987
YLR184W,YKL135C,0.3308133266563768
YLR184W,YKL134C,0.031228303140075242
YLR184W,YKL133C,0.18235245750835205
YLR184W,YKL132C,0.21909234307085274
YLR184W,YKL131W,0.35598488544291
YLR184W,YKL130C,0.29144233189657937
YLR184W,YKL129C,0.17990911112117206
YLR184W,YKL128C,0.06109967052323289
YLR184W,YKL127W,0.20512509156466205
YLR184W,YKL126W,0.11523042830924381
YLR184W,YKL125W,0.34568717547800726
YLR184W,YKL124W,0.19060452831203162
YLR184W,YKL123W,0.0210881866633291
YLR184W,YKL122C,0.15276137471914722
YLR184W,YKL121W,0.19706032218244898
YLR184W,YKL120W,0.07132228089320151
YLR184W,YKL119C,0.17736329175932405
YLR184W,YKL118W,0.28373034734744657
YLR184W,YKL117W,0.20820874190828403
YLR184W,YKL116C,0.09781403588551185
YLR184W,YKL159C,0.214771763956619
YLR184W,YKL158W,0.25738292967537846
YLR184W,YKL157W,0.09466300277092256
YLR184W,YKL156W,0.1853612980593431
YLR184W,YKL155C,0.007395706086953938
YLR184W,YKL154W,-0.030491659834881897
YLR184W,YKL153W,0.20674527571508858
YLR184W,YKL152C,0.3402276520238319
YLR184W,YKL151C,0.17027832675680118
YLR184W,YKL150W,0.0907945085435679
YLR184W,YKL149C,0.14164654461072912
YLR184W,YKL148C,0.05601285728395136
YLR184W,YKL147C,0.36298115586212465
YLR184W,YKL146W,0.2880864058255091
YLR184W,YKL145W,0.28574369059044463
YLR184W,YKL144C,0.2748514470275795
YLR184W,YKL143W,0.25849548884067197
YLR184W,YKL142W,0.11362790081576661
YLR184W,YKL141W,-0.03276838784198209
YLR184W,YKL140W,0.10917981689058359
YLR184W,YKL139W,0.14913639627598496
YLR184W,YKL138C,-0.03599652860842872
YLR184W,YKL137W,-0.1254603892671063
YLR184W,YKL181W,0.21767095414211612
YLR184W,YKL180W,0.1803908580484938
YLR184W,YKL179C,0.11600693752115745
YLR184W,YKL178C,0.33442070680279623
YLR184W,YKL177W,0.25160444609449045
YLR184W,YKL176C,0.3891184493465261
YLR184W,YKL175W,0.4136299932171284
YLR184W,YKL174C,0.39876613987354786
YLR184W,YKL173W,0.4255998109274857
YLR184W,YKL172W,0.21155491703741325
YLR184W,YKL171W,0.0697312082026986
YLR184W,YKL170W,-0.0547089692580548
YLR184W,YKL169C,0.15400181764181953
YLR184W,YKL168C,0.08960991027470586
YLR184W,YKL167C,-0.0246028579472734
YLR184W,YKL166C,0.12965274419366457
YLR184W,YKL165C,-0.06371076022019848
YLR184W,YKL164C,-0.0332589805330082
YLR184W,YKL163W,0.22188701020574214
YLR184W,YKL162C,0.11033383731198662
YLR184W,YKL161C,0.2154062472791211
YLR184W,YKL160W,0.2715194144832901
YLR184W,YKL206C,-0.07720621574463407
YLR184W,YKL205W,0.18280014024306185
YLR184W,YKL204W,0.17475460808921542
YLR184W,YKL203C,0.2507437044411793
YLR184W,YKL202W,0.21337459503827927
YLR184W,YKL197C,0.295708506794595
YLR184W,YKL196C,0.09633642935061952
YLR184W,YKL195W,-0.0365314121323714
YLR184W,YKL194C,-0.03990991826574939
YLR184W,YKL193C,0.08596545292768419
YLR184W,YKL192C,0.08790388198076682
YLR184W,YKL191W,0.2710894152635683
YLR184W,YKL190W,0.24199191067178988
YLR184W,YKL189W,0.02770841010164214
YLR184W,YKL188C,0.1607754815965616
YLR184W,YKL187C,0.05381474114307155
YLR184W,YKL186C,0.3220215922134511
YLR184W,YKL185W,0.015651887465943277
YLR184W,YKL184W,0.38928247478005285
YLR184W,YKL183W,0.21018742581284325
YLR184W,YKL182W,0.09334006888219773
YLR184W,SNR128,0.15344883066433546
YLR184W,SNR190,0.21624352116754728
YLR184W,SNR37,0.139665044094147
YLR184W,SNR60,0.054982781650986856
YLR184W,CEN10,-0.007091504406484486
YLR184W,SNR3,-0.052345863501760445
YLR184W,YKL224C,0.08056792908173453
YLR184W,YKL222C,0.3433669706314996
YLR184W,YKL221W,0.2948498964267094
YLR184W,YKL220C,0.23816758936221225
YLR184W,YKL219W,0.3802881875002331
YLR184W,YKL218C,0.09038375317009961
YLR184W,YKL217W,0.1710459563614758
YLR184W,YKL216W,0.21627646970660896
YLR184W,YKL215C,0.0561078325359166
YLR184W,YKL214C,0.3399891708408999
YLR184W,YKL213C,0.17824109354732692
YLR184W,YKL212W,0.1007100468806655
YLR184W,YKL211C,0.28607993350751587
YLR184W,YKL210W,0.13596235140504856
YLR184W,YKL209C,0.19669342874990264
YLR184W,YKL208W,0.16112614695221664
YLR184W,YKL207W,0.2468303402256777
YLR184W,YJR149W,-0.07636373243295605
YLR184W,YJR150C,0.29366817524396926
YLR184W,YJR151C,0.23571645270313274
YLR184W,YJR152W,0.15771200132473223
YLR184W,YJR153W,0.45727867346175044
YLR184W,YJR154W,0.1799078828914255
YLR184W,YJR155W,0.24273868567999934
YLR184W,YJR156C,0.1329827114668532
YLR184W,YJR157W,0.30068690648166707
YLR184W,YJR158W,0.029592839484677023
YLR184W,YJR159W,0.4011734627880653
YLR184W,YJR160C,0.3072899048420939
YLR184W,YJL136w-a,0.4733608405704174
YLR184W,YJR025c-a,0.23789514109808188
YLR184W,YJR135w-a,-0.04964853030125579
YLR184W,YJR092W,-0.0021595924190732714
YLR184W,NC_001142,0.14205470958249364
YLR184W,YJR127C,0.3289283302167898
YLR184W,YJR128W,0.06739868722076513
YLR184W,YJR129C,0.23291516353813846
YLR184W,YJR130C,0.12584826187645262
YLR184W,YJR131W,0.24898085768709902
YLR184W,YJR132W,0.2262579937899963
YLR184W,YJR133W,0.09186703907336069
YLR184W,YJR134C,0.15477857139400417
YLR184W,YJR135C,0.13240705286149942
YLR184W,YJR136C,0.20034407133464913
YLR184W,YJR137C,0.2692215127402418
YLR184W,YJR138W,0.325406827059545
YLR184W,YJR139C,0.18761929768269203
YLR184W,YJR140C,0.16844059110632362
YLR184W,YJR141W,0.15256557674930546
YLR184W,YJR142W,-0.05634981756194538
YLR184W,YJR143C,-0.055459285453378915
YLR184W,YJR144W,-0.0324310004270749
YLR184W,YJR145C,0.24713784869620395
YLR184W,YJR146W,0.048031100390788214
YLR184W,YJR147W,0.10768426257853135
YLR184W,YJR148W,-0.04730761532500139
YLR184W,YJR104C,0.3077310078237753
YLR184W,YJR105W,0.26634551059997497
YLR184W,YJR106W,0.18833407214397987
YLR184W,YJR107W,0.12872019420755107
YLR184W,YJR108W,0.026590945561784034
YLR184W,YJR109C,0.24149439953229374
YLR184W,YJR110W,0.060464849813592014
YLR184W,YJR111C,0.05600340932784139
YLR184W,YJR112W,0.1405154663751896
YLR184W,YJR113C,0.07466903747761891
YLR184W,YJR114W,0.15354443092145936
YLR184W,YJR115W,0.3834850258442097
YLR184W,YJR116W,0.21740187355329185
YLR184W,YJR117W,0.28859657688643736
YLR184W,YJR118C,-0.012407014445777631
YLR184W,YJR119C,0.25687648718620604
YLR184W,YJR120W,0.027700531500821877
YLR184W,YJR121W,0.08060579302905439
YLR184W,YJR122W,0.10542781028061556
YLR184W,YJR123W,0.3224143663097052
YLR184W,YJR124C,0.15407389321704307
YLR184W,YJR125C,0.1960096279367515
YLR184W,YJR126C,0.27269691654010547
YLR184W,YJR082C,0.2804153918549371
YLR184W,YJR083C,0.13363522028885286
YLR184W,YJR084W,0.26220529048524877
YLR184W,YJR085C,0.17878188756153351
YLR184W,YJR086W,0.1648881066062937
YLR184W,YJR087W,0.2749355086838469
YLR184W,YJR088C,0.15052266058830663
YLR184W,YJR089W,0.4281042681307753
YLR184W,YJR090C,0.31617571872674793
YLR184W,YJR091C,0.24774928840078886
YLR184W,YJR093C,0.4148874606792452
YLR184W,YJR094C,0.1744272739050371
YLR184W,YJR094W-A,0.20374062694271383
YLR184W,YJR095W,0.0734731114225519
YLR184W,YJR096W,0.04074011129743946
YLR184W,YJR097W,0.10854790388271277
YLR184W,YJR098C,0.17808701524760764
YLR184W,YJR099W,-0.0018646972115535481
YLR184W,YJR100C,0.008915362740668174
YLR184W,YJR101W,-0.06847244734756389
YLR184W,YJR102C,0.17344113306639117
YLR184W,YJR103W,0.10344144481006279
YLR184W,YJR059W,0.2634425912421811
YLR184W,YJR060W,0.41364258048981833
YLR184W,YJR061W,0.21909326196087084
YLR184W,YJR062C,0.07060035724920376
YLR184W,YJR063W,0.12025879076653327
YLR184W,YJR064W,0.19651528185370284
YLR184W,YJR065C,0.12228435786179469
YLR184W,YJR066W,0.1952025664016623
YLR184W,YJR067C,0.1238708596181688
YLR184W,YJR068W,-0.06283275308355325
YLR184W,YJR069C,0.20072571826291216
YLR184W,YJR070C,0.251489241400942
YLR184W,YJR071W,0.270458134611487
YLR184W,YJR072C,0.2862123047382095
YLR184W,YJR073C,0.07145137522029688
YLR184W,YJR074W,0.0705009751933138
YLR184W,YJR075W,0.04504004807201812
YLR184W,YJR076C,0.000991980168838973
YLR184W,YJR077C,0.05639215128715339
YLR184W,YJR078W,0.10325995785507679
YLR184W,YJR079W,0.2741606818576666
YLR184W,YJR080C,0.039587088930260805
YLR184W,YJR036C,0.20265387907374877
YLR184W,YJR037W,0.3164909581400397
YLR184W,YJR038C,0.09731092639082757
YLR184W,YJR039W,0.05380598793214596
YLR184W,YJR040W,-0.20497431701635013
YLR184W,YJR041C,0.1531942877599363
YLR184W,YJR042W,0.21658205405823647
YLR184W,YJR043C,0.0036596465950705635
YLR184W,YJR044C,0.1440687557824782
YLR184W,YJR045C,-0.1269814720339968
YLR184W,YJR046W,0.28140467953326
YLR184W,YJR047C,0.08610936035826307
YLR184W,YJR048W,-0.036357001263904884
YLR184W,YJR049C,0.32420027172614563
YLR184W,YJR050W,0.33947437923779883
YLR184W,YJR051W,0.2316853882285144
YLR184W,YJR052W,0.28969414644782504
YLR184W,YJR053W,0.45084894405272624
YLR184W,YJR054W,-0.036785422847784036
YLR184W,YJR055W,0.2808593287513968
YLR184W,YJR056C,0.21797262102293274
YLR184W,YJR057W,0.10704125688413038
YLR184W,YJR058C,0.1837716749934283
YLR184W,YJR011C,0.16405306824504598
YLR184W,YJR012C,0.21652288681841889
YLR184W,YJR013W,0.3162275349285475
YLR184W,YJR014W,0.23295225021324875
YLR184W,YJR015W,0.22696198229008083
YLR184W,YJR016C,0.27196501658279765
YLR184W,YJR017C,0.2967698164410135
YLR184W,YJR018W,0.34354552558342766
YLR184W,YJR019C,0.11325836111297549
YLR184W,YJR020W,0.25185139856462324
YLR184W,YJR021C,0.2941156922995213
YLR184W,YJR022W,0.10957365339906233
YLR184W,YJR023C,0.20436364251197955
YLR184W,YJR024C,0.2983278399281677
YLR184W,YJR025C,0.2651092888048511
YLR184W,YJR030C,-0.05829422265830887
YLR184W,YJR031C,0.12137035014211128
YLR184W,YJR032W,0.08586014907046306
YLR184W,YJR033C,0.1412134333081611
YLR184W,YJR034W,-0.07375968094502461
YLR184W,YJR035W,0.14507288410420804
YLR184W,YJL011C,0.19885648548510715
YLR184W,YJL010C,0.1352117166708306
YLR184W,YJL009W,0.42296437785005353
YLR184W,YJL008C,0.3127096872559306
YLR184W,YJL007C,0.2566505018183591
YLR184W,YJL006C,0.24500815649937024
YLR184W,YJL005W,0.17380185687313146
YLR184W,YJL004C,0.29376564616521994
YLR184W,YJL003W,0.13973025997535043
YLR184W,YJL002C,0.16013903116279893
YLR184W,YJL001W,0.1924577443956389
YLR184W,YJR001W,0.15005695266336888
YLR184W,YJR002W,0.29030718171783154
YLR184W,YJR003C,0.4388178423370997
YLR184W,YJR004C,0.023484350425372752
YLR184W,YJR005W,-0.019175917960137217
YLR184W,YJR006W,-0.10970310798092268
YLR184W,YJR007W,0.14762418345574407
YLR184W,YJR008W,0.10001348921508073
YLR184W,YJR009C,0.2596374044617542
YLR184W,YJR010W,0.04054464954071158
YLR184W,YJR010C-A,0.29031954705266755
YLR184W,YJL033W,0.19677213045267888
YLR184W,YJL032W,0.42808430804999925
YLR184W,YJL031C,0.03733771341506074
YLR184W,YJL030W,0.23267564899819784
YLR184W,YJL029C,0.12905682260920537
YLR184W,YJL028W,-0.030013081513906546
YLR184W,YJL027C,0.04346471585565427
YLR184W,YJL026W,0.30539741007842713
YLR184W,YJL025W,0.0918631220688276
YLR184W,YJL024C,0.13807326868702416
YLR184W,YJL023C,0.13437204028082353
YLR184W,YJL022W,0.31827570934809196
YLR184W,YJL021C,0.044288908726572915
YLR184W,YJL020C,0.20237035772381382
YLR184W,YJL019W,0.041303983144108374
YLR184W,YJL018W,0.07394157938699103
YLR184W,YJL017W,0.19468334365419956
YLR184W,YJL016W,0.2908583075124467
YLR184W,YJL015C,0.407277220951338
YLR184W,YJL014W,0.25678080752004506
YLR184W,YJL013C,0.1977596778506966
YLR184W,YJL012C,0.2880806208747486
YLR184W,YJL055W,0.15332996540720417
YLR184W,YJL054W,0.10512274815110681
YLR184W,YJL053W,0.21652417488338674
YLR184W,YJL052W,0.39508666239691986
YLR184W,YJL051W,0.02340039618284861
YLR184W,YJL050W,0.18114452146473561
YLR184W,YJL049W,0.2912786991345021
YLR184W,YJL048C,0.14007722910688838
YLR184W,YJL047C,0.4013866840706824
YLR184W,YJL046W,0.08132482379318741
YLR184W,YJL045W,0.170891808515693
YLR184W,YJL044C,0.2157660879723655
YLR184W,YJL043W,0.18499852483401497
YLR184W,YJL042W,0.3125369000937453
YLR184W,YJL041W,0.27283513589394726
YLR184W,YJL039C,0.23551233313590983
YLR184W,YJL038C,-0.003006302817292928
YLR184W,YJL037W,0.18765552535490435
YLR184W,YJL036W,0.15690120363080018
YLR184W,YJL035C,0.06104711507891909
YLR184W,YJL034W,0.17902147768860333
YLR184W,YJL078C,-0.0024479947649121833
YLR184W,YJL077C,0.19239340592658136
YLR184W,YJL076W,0.2726770475221108
YLR184W,YJL075C,0.22648003376078166
YLR184W,YJL074C,-0.10828418420990125
YLR184W,YJL073W,-0.023856962980019585
YLR184W,YJL072C,0.1988009494910027
YLR184W,YJL071W,0.19914221604122237
YLR184W,YJL070C,0.17435362745282246
YLR184W,YJL069C,0.14653435829763156
YLR184W,YJL068C,0.0628404685641356
YLR184W,YJL067W,0.25583478460023523
YLR184W,YJL066C,-0.0335841267758327
YLR184W,YJL065C,0.4383211518794035
YLR184W,YJL064W,0.37574570386675615
YLR184W,YJL063C,-0.012129534242303593
YLR184W,YJL062W,0.060583597010476026
YLR184W,YJL061W,-0.09014678040013066
YLR184W,YJL060W,-0.044487963154711874
YLR184W,YJL059W,0.02482891562891491
YLR184W,YJL058C,0.10265992576347895
YLR184W,YJL057C,0.07780667074958687
YLR184W,YJL056C,0.2691785314036621
YLR184W,YJL100W,0.0974044631052539
YLR184W,YJL099W,0.2790113858099499
YLR184W,YJL098W,0.2785618655203003
YLR184W,YJL097W,0.217237249259252
YLR184W,YJL096W,-0.05445049617595119
YLR184W,YJL095W,0.0765347539880756
YLR184W,YJL094C,0.1600690056189187
YLR184W,YJL093C,-0.010640989817702704
YLR184W,YJL092W,-0.17467972971014295
YLR184W,YJL091C,-0.0535247759447721
YLR184W,YJL090C,0.09146248925977014
YLR184W,YJL089W,0.07645660909825187
YLR184W,YJL088W,0.3129730897691578
YLR184W,YJL087C,0.20048256001025141
YLR184W,YJL086C,0.2894717554833401
YLR184W,YJL085W,0.18152397256367642
YLR184W,YJL084C,0.3401768616346026
YLR184W,YJL083W,0.19001059240532667
YLR184W,YJL082W,0.3211766367377834
YLR184W,YJL081C,0.2138825366383813
YLR184W,YJL080C,0.09150941954236576
YLR184W,YJL079C,0.24208110259681492
YLR184W,YJL125C,0.11616363727711296
YLR184W,YJL124C,0.07983749795556959
YLR184W,YJL123C,0.2224607874091454
YLR184W,YJL122W,0.13927055382442366
YLR184W,YJL121C,0.2809166990406372
YLR184W,YJL120W,0.42876535370789565
YLR184W,YJL119C,0.2170374078774866
YLR184W,YJL118W,0.05334504189334614
YLR184W,YJL117W,0.2178124925054158
YLR184W,YJL116C,0.19748048057664486
YLR184W,YJL115W,-0.03558761777158732
YLR184W,YJL112W,0.13148236043021252
YLR184W,YJL111W,0.21632659739447946
YLR184W,YJL110C,0.2825216987091426
YLR184W,YJL109C,0.1930897842063641
YLR184W,YJL108C,0.2134145577401897
YLR184W,YJL107C,0.1503261687618625
YLR184W,YJL106W,0.0979977850215092
YLR184W,YJL105W,0.19230535766621787
YLR184W,YJL104W,-0.04369139479381941
YLR184W,YJL103C,0.12803092212692213
YLR184W,YJL102W,0.019493597869111232
YLR184W,YJL101C,0.23716252686298683
YLR184W,YJL146W,0.3707954138468365
YLR184W,YJL145W,0.2297309533456098
YLR184W,YJL144W,0.22529049418176522
YLR184W,YJL143W,0.13298002404736364
YLR184W,YJL142C,0.21282441300507723
YLR184W,YJL141C,0.28685121126674507
YLR184W,YJL140W,0.12925754567962092
YLR184W,YJL139C,0.28015354464083453
YLR184W,YJL138C,0.30773205701037376
YLR184W,YJL137C,0.21275429541586707
YLR184W,YJL136C,0.2920494834791777
YLR184W,YJL135W,0.2649489689622448
YLR184W,YJL134W,0.17435042932832784
YLR184W,YJL133W,0.07223538203502099
YLR184W,YJL132W,0.17549954059722628
YLR184W,YJL131C,0.20742337671493755
YLR184W,YJL130C,0.28982749822649867
YLR184W,YJL129C,0.06095712829390543
YLR184W,YJL128C,0.14960773063051755
YLR184W,YJL127C,0.10747671262954352
YLR184W,YJL126W,0.16712484317966245
YLR184W,YJL168C,-0.07014677835200347
YLR184W,YJL167W,0.04544224497540206
YLR184W,YJL166W,-0.1547676441234372
YLR184W,YJL165C,-0.03691863679946884
YLR184W,YJL164C,0.13103009666839727
YLR184W,YJL163C,0.17891972948032492
YLR184W,YJL162C,0.07051848857265243
YLR184W,YJL161W,-0.01067321461096867
YLR184W,YJL160C,0.05392295305986481
YLR184W,YJL159W,0.04644942407533485
YLR184W,YJL158C,-0.04644352966887316
YLR184W,YJL157C,0.01850753114246316
YLR184W,YJL156C,0.18669304526167266
YLR184W,YJL155C,0.12863791083676543
YLR184W,YJL154C,0.1468534218987372
YLR184W,YJL153C,0.18843554288635417
YLR184W,YJL152W,0.2748345084385702
YLR184W,YJL151C,0.3364851518079888
YLR184W,YJL150W,0.3503166354016866
YLR184W,YJL149W,0.3585817214308946
YLR184W,YJL148W,0.1350163344334627
YLR184W,YJL147C,0.3264317342023699
YLR184W,YJL188C,0.3227623293346845
YLR184W,YJL187C,-0.21202258470373975
YLR184W,YJL186W,0.12102141403564956
YLR184W,YJL185C,0.195444924248583
YLR184W,YJL184W,0.3657638498653358
YLR184W,YJL183W,0.14296546979706165
YLR184W,YJL182C,0.35302423520628873
YLR184W,YJL181W,0.011193706823301078
YLR184W,YJL180C,0.0366683408111725
YLR184W,YJL179W,0.18260635244501494
YLR184W,YJL178C,0.2886081703113633
YLR184W,YJL177W,0.2357824698815617
YLR184W,YJL176C,0.11534705305982287
YLR184W,YJL175W,0.36243599708080987
YLR184W,YJL174W,0.23446074360834804
YLR184W,YJL173C,0.021974757048070608
YLR184W,YJL172W,0.19006538182672852
YLR184W,YJL171C,0.18113314679750445
YLR184W,YJL170C,0.023342787469665092
YLR184W,YJL169W,0.2408101233001244
YLR184W,YJL211C,0.34598623425240443
YLR184W,YJL210W,0.22231179163457773
YLR184W,YJL209W,0.07381254670838663
YLR184W,YJL208C,0.0066639505352111845
YLR184W,YJL207C,0.27162908747296366
YLR184W,YJL206C,0.3313476773208426
YLR184W,YJL206C-A,0.1605154547568542
YLR184W,YJL204C,0.34491952782583674
YLR184W,YJL203W,0.308539754593715
YLR184W,YJL202C,0.30756102419591963
YLR184W,YJL201W,-0.04042545227359861
YLR184W,YJL200C,0.167467594396887
YLR184W,YJL199C,0.17429831880502233
YLR184W,YJL198W,0.1252660187540077
YLR184W,YJL197W,0.18463110752705716
YLR184W,YJL196C,0.03760321700902162
YLR184W,YJL195C,-0.022955348870283606
YLR184W,YJL194W,0.13621018692251996
YLR184W,YJL193W,0.2893624551352114
YLR184W,YJL192C,0.019032551295127438
YLR184W,YJL191W,0.17110776278457565
YLR184W,YJL190C,0.13542954458068016
YLR184W,YJL189W,0.1717248467984124
YLR184W,CEN1,0.14918515703950988
YLR184W,YJL225C,0.1430557390182928
YLR184W,YJL223C,0.09198415366074503
YLR184W,YJL222W,0.08954205076073524
YLR184W,YJL221C,-0.012094515375552228
YLR184W,YJL220W,0.2869042146210376
YLR184W,YJL219W,0.07355618035259381
YLR184W,YJL218W,-0.031716878979002654
YLR184W,YJL217W,-0.030838259518622374
YLR184W,YJL216C,-0.07616332484348519
YLR184W,YJL215C,0.27531722317210827
YLR184W,YJL214W,0.15027941136444883
YLR184W,YJL213W,0.07119317902164278
YLR184W,YJL212C,0.013621421695417505
YLR184W,YAR070C,-0.15617529665941904
YLR184W,YAR071W,0.23048110441145753
YLR184W,YAR073W,0.0913457311087894
YLR184W,YAR075W,0.0734524245193081
YLR184W,YAL069W,0.2779820961225114
YLR184W,YAL037c-a,0.05807870958750876
YLR184W,YAR040c,0.44041424977311816
YLR184W,YAR020C,0.22077722478345385
YLR184W,YAR023C,0.30522142301034505
YLR184W,YAR027W,0.13644682844839714
YLR184W,YAR028W,0.18759240656383527
YLR184W,YAR029W,0.26589198440985085
YLR184W,YAR030C,0.39104875415818535
YLR184W,YAR031W,0.08412050438911535
YLR184W,YAR033W,0.10461469343386119
YLR184W,YAR035W,0.04474157506497772
YLR184W,YAR042W,0.339257677230916
YLR184W,YAR044W,0.14000650920916835
YLR184W,YAR047C,0.280497199029092
YLR184W,YAR050W,-0.062371345846705596
YLR184W,YAR053W,0.24083205503731647
YLR184W,YAR060C,0.19733207302687983
YLR184W,YAR061W,0.2723249900396573
YLR184W,YAR062W,0.013727430740583385
YLR184W,YAR064W,0.2770151593474513
YLR184W,YAR066W,0.24003379866836735
YLR184W,YAR068W,-0.018461567692272866
YLR184W,YAR069C,0.007638005019455675
YLR184W,YAL011W,0.1944851603784892
YLR184W,YAL010C,0.2568278075255691
YLR184W,YAL009W,0.2608629253296153
YLR184W,YAL008W,0.08867211685204837
YLR184W,YAL007C,-0.11928214721128644
YLR184W,YAL005C,0.21803986268124445
YLR184W,YAL004W,0.18933539184340595
YLR184W,YAL003W,0.22891551010618844
YLR184W,YAL002W,0.09308608790672367
YLR184W,YAL001C,0.052057499943098336
YLR184W,YAR002W,0.14555465281048846
YLR184W,YAR002C-A,0.04384780187330842
YLR184W,YAR003W,0.06834312023965111
YLR184W,YAR007C,-0.0396949463908255
YLR184W,YAR008W,-0.12004897028302748
YLR184W,YAR014C,0.22493336567399727
YLR184W,YAR015W,0.10815400361261857
YLR184W,YAR018C,0.030523053388798793
YLR184W,YAR019C,0.2586058253950527
YLR184W,YAL033W,0.1597558869000688
YLR184W,YAL032C,0.1641343704089943
YLR184W,YAL031C,0.14411371663674177
YLR184W,YAL030W,0.1454836512062771
YLR184W,YAL029C,-0.021935427910229774
YLR184W,YAL028W,0.09098998133098317
YLR184W,YAL027W,0.14727733409233384
YLR184W,YAL026C,0.16287161499968456
YLR184W,YAL025C,0.11715844867042917
YLR184W,YAL024C,0.029693853592182243
YLR184W,YAL023C,0.12623479894961973
YLR184W,YAL022C,0.218797383190862
YLR184W,YAL021C,0.3387193387982111
YLR184W,YAL020C,0.3124672375025252
YLR184W,YAL019W,0.21554555178468723
YLR184W,YAL018C,0.30472091519987476
YLR184W,YAL017W,0.23589521502015418
YLR184W,YAL016W,0.31106626376204866
YLR184W,YAL015C,0.31067382755577877
YLR184W,YAL014C,0.36464233275838015
YLR184W,YAL013W,0.35410023383792943
YLR184W,YAL012W,0.10161005427290996
YLR184W,YAL054C,0.20292801869938243
YLR184W,YAL053W,0.25842474259016784
YLR184W,YAL051W,0.3134096384713969
YLR184W,YAL049C,0.19945073860420195
YLR184W,YAL048C,0.6453263258805122
YLR184W,YAL047C,-0.01655763268396599
YLR184W,YAL046C,0.12065924123803753
YLR184W,YAL045C,0.5722949053864453
YLR184W,YAL044C,0.22075743955532814
YLR184W,YAL043C,0.3767118457100179
YLR184W,YAL043C-A,0.2714393945693231
YLR184W,YAL042W,0.3134650813935655
YLR184W,YAL041W,0.21676115827346196
YLR184W,YAL040C,0.25538255029610046
YLR184W,YAL039C,0.23256570570321947
YLR184W,YAL038W,0.4568846339758539
YLR184W,YAL037W,0.04912163768844618
YLR184W,YAL036C,0.23576828639634895
YLR184W,YAL035W,0.3722626928629005
YLR184W,YAL035C-A,0.34364432114777727
YLR184W,YAL034W-A,-0.12554401117805056
YLR184W,YAL034C,0.20138765501836015
YLR184W,ALD1,0.2541362042715549
YLR184W,YAL067C,0.037994112092354336
YLR184W,YAL066W,0.2743759616386811
YLR184W,YAL065C,-0.014729368663101495
YLR184W,YAL064W-B,0.2916194000487768
YLR184W,YAL064C-A,-0.06065968108295229
YLR184W,YAL064W,0.2027353717935255
YLR184W,YAL063C,0.22134174859967587
YLR184W,YAL062W,0.1936920741028612
YLR184W,YAL061W,0.19293516782737047
YLR184W,YAL060W,0.12487592556992767
YLR184W,YAL059W,0.165104763569877
YLR184W,YAL058W,0.13554736206968296
YLR184W,YAL058C-A,0.3713803619313954
YLR184W,YAL056W,0.1971634075537015
YLR184W,YAL055W,0.31777014611891896
YLR184W,NC_001140,0.32025031792931197
YLR184W,NC_001139,0.17821568195286713
YLR184W,NC_001143,0.09953467503563597
YLR184W,YILCDELTA1,0.09330592814215345
YLR184W,YILWTY3-1,0.10470660838327882
YLR184W,YILCDELTA2,0.1976993963151732
YLR184W,YILCDELTA3,-0.03580540925692868
YLR184W,YILWSIGMA3,-0.020073044660323024
YLR184W,YILWDELTA4,-0.18097339722995573
YLR184W,YILCDELTA5,0.03872997794821915
YLR184W,YIRCDELTA6,0.1871838058231072
YLR184W,YCR096C,0.26903485257334625
YLR184W,YHRCSIGMA2,0.08764162049511837
YLR184W,YHRWTAU3,0.24465680759304992
YLR184W,YHRCDELTA8,0.09537640246074963
YLR184W,YHRCTAU4,0.22347798463979038
YLR184W,YHRWDELTA9,0.20821035552565437
YLR184W,YHRCDELTA10,0.0023567670756181793
YLR184W,YHRCDELTA11,0.015579336990841354
YLR184W,YHRCDELTA12,0.020092700822657777
YLR184W,YHRWDELTA13,-0.02462533076939084
YLR184W,YHRCSIGMA3,0.10698439113484322
YLR184W,YHRCDELTA14,0.3535445608736142
YLR184W,YHRCTY1-1,0.10846547558006295
YLR184W,YHRCDELTA16,0.0941288213612325
YLR184W,YHR217C,-0.1436297658536519
YLR184W,YIL177C,0.1823980348200125
YLR184W,YIL175W,-0.018784422091360834
YLR184W,YHL050C,0.10788749693219436
YLR184W,YHL048W,0.0571022402875813
YLR184W,YHLCOMEGA1,0.09916490483585254
YLR184W,YHL045W,0.06567002859480041
YLR184W,YHLCSIGMA1,0.1416375036831887
YLR184W,YHLWTAU1,0.039204190759094905
YLR184W,YHLCDELTA1,-0.04376249367842457
YLR184W,YHLWDELTA2,0.04603883564611763
YLR184W,YHRCDELTA3,-0.05888366634041532
YLR184W,YHRCDELTA4,0.18073699895701156
YLR184W,YHRCDELTA5,-0.06838844303731348
YLR184W,YHRCDELTA6,0.09510877196396039
YLR184W,YHRWDELTA7,0.009233386525977983
YLR184W,YGRWDELTA22,0.17206078584863768
YLR184W,YGRWDELTA23,0.05642067104601378
YLR184W,YGRWDELTA24,0.005749966836891792
YLR184W,YGRCDELTA25,0.09462719298885819
YLR184W,YGRWDELTA26,0.056729901948998566
YLR184W,YGRWTY2-2,0.030498480728153907
YLR184W,YGRWDELTA28,-0.08456479005945823
YLR184W,YGRCTY1-3,0.08285639081511806
YLR184W,YGRCDELTA30,0.033951319851602685
YLR184W,YGRWSIGMA7,0.2748167034019843
YLR184W,YGRWDELTA31,0.003387858463349984
YLR184W,YGRCTAU3,0.056061605919413525
YLR184W,YGRWDELTA32,0.021443524816993718
YLR184W,YGR295C,0.08620049981634206
YLR184W,YGRCDELTA15,-0.05413285777022413
YLR184W,YGRCTY1-2,-0.007886891995649608
YLR184W,YGRCDELTA16,0.005100684271201705
YLR184W,YGRCDELTA17,0.07344363743286236
YLR184W,YGRCTY2-1,0.145955699237478
YLR184W,TL(GAG)G,0.20523185312546607
YLR184W,YGRWDELTA19,-0.041101032818208455
YLR184W,YGRWTY3-1,0.19913286831116256
YLR184W,YGRCDELTA20,0.09481598322223193
YLR184W,YGRWDELTA21,0.2539035696275853
YLR184W,YGRWSIGMA6,0.16184808650792173
YLR184W,YGLCDELTA5,0.1200024694187045
YLR184W,YGLCSIGMA1,0.17498115968921293
YLR184W,YGLCTAU3,0.14243967767914525
YLR184W,YGLWDELTA6,0.051002764309295824
YLR184W,YGLWSIGMA2,0.1113816962520386
YLR184W,YGLWDELTA7,0.11971818448277424
YLR184W,YGLWDELTA8,0.11721752157595076
YLR184W,YGLWDELTA9,-0.006788069377913698
YLR184W,YGLCSIGMA3,-0.08727318000079134
YLR184W,YGLWDELTA10,0.016932063193137777
YLR184W,YGRCDELTA12,0.07501154931869931
YLR184W,YGRWTY1-1,0.09542164262826856
YLR184W,NC_001138,0.09830094414396841
YLR184W,YFLWTY2-1,0.028091614657241002
YLR184W,YFLWDELTA4,-0.030749636149023474
YLR184W,YFLWDELTA5,-0.050109274826569364
YLR184W,YFLWTAU1,-0.17627256051806833
YLR184W,YFLCDELTA6,0.11233790186314664
YLR184W,YFRWDELTA7,0.1443194681934235
YLR184W,YFRCDELTA8,-0.06361538618931259
YLR184W,YFRCDELTA9,-0.0029959840401155035
YLR184W,YFRWDELTA10,0.009704708631386552
YLR184W,YGLWOMEGA1,0.04605656502268372
YLR184W,YGL260W,0.046406595435326645
YLR184W,YGLWTAU1,-0.07975745397301094
YLR184W,YGLCDELTA1,0.06456305819899542
YLR184W,YGLWDELTA2,0.15201118825849233
YLR184W,YGLWDELTA3,0.269945703129623
YLR184W,YGLWTAU2,-0.1481994454831071
YLR184W,YGLWDELTA4,0.1599807882096408
YLR184W,YERWDELTA18,0.43714450539553634
YLR184W,YERWDELTA22,0.10343090474154158
YLR184W,YERCSIGMA4,0.10154974653290427
YLR184W,YERCDELTA23,0.08008576162977037
YLR184W,YERCDELTA24,0.04409681622573599
YLR184W,YERWDELTA25,0.006668340539939385
YLR184W,YERCDELTA26,0.14880897477294527
YLR184W,YERCOMEGA1,0.19161078158495687
YLR184W,YERWOMEGA2,0.036089090120566436
YLR184W,YER188c-a,0.27657949592987835
YLR184W,YFL063W,0.16132928147723918
YLR184W,YFL062W,0.17242272578354248
YLR184W,YFLWDELTA1,0.11996878520960555
YLR184W,YFLWDELTA2,0.04939007312796588
YLR184W,YFLWDELTA3,0.1473229969199018
YLR184W,YERWDELTA11,0.03374698775441331
YLR184W,YERWDELTA12,-0.07837202854091671
YLR184W,YERWDELTA13,-0.01967859056636601
YLR184W,YERCTAU2,-0.013863608961232909
YLR184W,YERCSIGMA2,0.08395005643721055
YLR184W,YERCDELTA14,0.108428582247632
YLR184W,YERCSIGMA3,0.14492602926878137
YLR184W,YERCDELTA15,0.19524371476537716
YLR184W,YERCDELTA16,0.08172423373128321
YLR184W,YERCTAU3,0.21547347922517116
YLR184W,YERWDELTA17,0.23412692026839654
YLR184W,YERCDELTA19,-0.1018941398300234
YLR184W,YERCTY1-1,-0.04362809175425352
YLR184W,YERWDELTA21,0.41024435311068475
YLR184W,YDR543C,0.15506321250873956
YLR184W,YDR544C,0.042453900191443905
YLR184W,TG(GCC)E,0.15174247846519254
YLR184W,YELWDELTA2,-0.04527186986210094
YLR184W,YELWDELTA1,0.1046813800447979
YLR184W,TS(AGA)E,0.24076831969307796
YLR184W,YELCDELTA3,-0.21931858666441392
YLR184W,YELCTAU1,0.027493276557360252
YLR184W,TQ(UUG)E2,0.00433034960107937
YLR184W,YELCDELTA4,0.0018347405313310018
YLR184W,YELWDELTA5,-0.03064395072191839
YLR184W,YELWDELTA6,0.05723319099253823
YLR184W,TR(UCU)E,0.1131263391546317
YLR184W,YERWDELTA7,0.10225558336077167
YLR184W,TE(UUC)E1,0.14208797980022397
YLR184W,TH(GUG)E1,0.05099687955454643
YLR184W,YERCDELTA8,0.23004949585892923
YLR184W,YERWDELTA9,0.1791879300911458
YLR184W,YERCSIGMA1,0.14851242254760075
YLR184W,TQ(UUG)E1,0.09064201866954827
YLR184W,YERCDELTA10,0.38162213407259166
YLR184W,TS(UGA)E,0.007844389977387902
YLR184W,YDRCDELTA22,-0.05353139403945479
YLR184W,YDRWSIGMA4,0.0787103717754634
YLR184W,TG(GCC)D2,0.027056114651567213
YLR184W,TE(CUC)D,0.21192538431799804
YLR184W,YDRWSIGMA5,-0.03551288925818628
YLR184W,TV(CAC)D,0.21234247458543531
YLR184W,YDRWDELTA23,0.05278555846966394
YLR184W,YDRWTY1-4,0.08361200258703877
YLR184W,YDRWDELTA24,0.04824729066346594
YLR184W,YDRWDELTA25,-0.11305239499480259
YLR184W,YDRCSIGMA6,-0.10373566331571676
YLR184W,YDRWDELTA26,0.020719881055535794
YLR184W,YDRWDELTA27,0.022379662561079264
YLR184W,YDRWTY1-5,0.03396545049555088
YLR184W,YDRWDELTA28,-0.00835085173606988
YLR184W,TG(CCC)D,-0.12212161687367375
YLR184W,TS(AGA)D3,0.23143321778866038
YLR184W,YDRWDELTA29,0.0844813602142129
YLR184W,YDRWDELTA30,-0.11373594353098641
YLR184W,YDRWDELTA31,0.1741701502786109
YLR184W,YDR542W,0.07255239568854316
YLR184W,YDRWDELTA10,-0.03674348445618
YLR184W,TQ(UUG)D3,0.1430077619037401
YLR184W,YDRWDELTA11,0.06519569186541291
YLR184W,YDRWDELTA13,0.01554972350831665
YLR184W,YDRWTY2-2,0.10432242245340193
YLR184W,YDRWDELTA14,0.05644664606266735
YLR184W,YDRCTY1-2,0.15225599439560333
YLR184W,YDRWDELTA12,0.23184732456266674
YLR184W,YDRCSIGMA3,0.22594847524558034
YLR184W,TS(AGA)D2,0.2912029286177142
YLR184W,YDRWDELTA19,0.006758422483069228
YLR184W,YDRWTY2-3,-0.021426152595269914
YLR184W,YDRWDELTA20,-0.07985144681693293
YLR184W,YDRCDELTA21,-0.07673625127947394
YLR184W,YDRCTY1-3,0.020439256087015828
YLR184W,YDRCDELTA2,0.2525052037874558
YLR184W,YDRCDELTA3,0.14608055652669055
YLR184W,YDRCDELTA4,0.059648457918246404
YLR184W,YDRCTY2-1,0.10146092839073649
YLR184W,YDRCDELTA5,-0.0886587812601482
YLR184W,YDRCDELTA6A,-0.005547328083204183
YLR184W,YDRWDELTA7,-0.09529615883400697
YLR184W,TQ(UUG)D1,0.0658364730221147
YLR184W,TR(UCU)D,0.1259726724805978
YLR184W,TR(ACG)D,0.16934033417068792
YLR184W,TQ(UUG)D2,0.09763890286161891
YLR184W,YDRCDELTA7,0.03294564928846628
YLR184W,YDRCTY1-1,-0.08863003255492942
YLR184W,YDRCDELTA8,-0.026625072788400386
YLR184W,YDRCSIGMA1,0.11785865638937236
YLR184W,YDRCDELTA9,0.10594422798114127
YLR184W,YDRCSIGMA2,0.10257227012718607
YLR184W,TP(AGG)C,-0.11161081798618892
YLR184W,YCRCDELTA6,-0.005978373047680593
YLR184W,YCR007C,0.18945511490023903
YLR184W,TN(GUU)C,-0.040604914510527494
YLR184W,TG(GCC)C,-0.009642478204888111
YLR184W,YCRCDELTA7,-0.009699046168864982
YLR184W,YCRWDELTA8,0.000856797393023123
YLR184W,YCRWDELTA9,0.17661921314004295
YLR184W,YCRCtau1,0.3857746302527372
YLR184W,YCRWDELTA10,-0.06258472095044917
YLR184W,TQ(UUG)C,0.11260792002642121
YLR184W,YCRWDELTA11,0.017822472809192042
YLR184W,YCRWDELTA12,-0.015556504216990294
YLR184W,YCRWOMEGA3,0.21116872559763192
YLR184W,YCRWDELTA13,0.13644854915943863
YLR184W,YCRCDELTA14,0.05074409829953128
YLR184W,YDL248W,0.2281539235693471
YLR184W,TG(GCC)D1,0.10862495216576705
YLR184W,TA(AGC)D,0.17020015293246354
YLR184W,YDLCDELTA1,-5.045568015213107e-05
YLR184W,YDLWTAU1,0.12478102859294782
YLR184W,TS(AGA)D1,0.3539962106161926
YLR184W,YBRWDELTA17,0.11429766042345235
YLR184W,TQ(UUG)B,0.12550327603526126
YLR184W,TR(UCU)B,0.05938839008240105
YLR184W,YBRCDELTA18,0.039431217616337645
YLR184W,YBRCDELTA19,0.08353325153756029
YLR184W,TE(UUC)B,0.22619466575927222
YLR184W,YBR302C,0.10861055158396009
YLR184W,YCLWOMEGA1,0.2617519291491527
YLR184W,YCLWTY5-1,0.09223959344514263
YLR184W,YCLWOMEGA2,0.21549773586811924
YLR184W,TE(UUC)C,0.3341541290753153
YLR184W,YCLCDELTA1,0.03470010361838214
YLR184W,YCLWDELTA2A,-0.12723163474721072
YLR184W,YCLWDELTA3,-0.09347983495908826
YLR184W,YCLWdelta2b,0.11603344819046223
YLR184W,YCLWDELTA4,0.002037524561466391
YLR184W,YCLWTY2-1,-0.011445393876227717
YLR184W,YCLWDELTA5,0.11047987054853738
YLR184W,YBLWDELTA3,0.0896411999225381
YLR184W,YBLWDELTA4,0.15740492418800425
YLR184W,YBLWTY2-1,0.09620848148848045
YLR184W,YBLWDELTA5,0.12239743721170412
YLR184W,YBLWDELTA6,0.2614254041234241
YLR184W,YBLWTAU1,0.140808718434476
YLR184W,YBLCDELTA7,0.04255623578269458
YLR184W,TG(GCC)B,0.11433135568089035
YLR184W,YBLCSIGMA1,0.004999473577105643
YLR184W,YBLWDELTA8,0.1458538512788783
YLR184W,YBLWDELTA9,-0.03297774110644956
YLR184W,YBLWTY1-1,0.013184873260304573
YLR184W,YBLWDELTA10,-0.01761146060809994
YLR184W,TS(AGA)B,0.2067781530803802
YLR184W,YBRCDELTA11,-0.05107167643684391
YLR184W,YBRWDELTA12,-0.13426226847958822
YLR184W,YBRWTY1-2,0.08113569913802378
YLR184W,YBRWDELTA13,0.061314361937681944
YLR184W,YBRCDELTA14,0.283428494492745
YLR184W,TV(UAC)B,-0.27200142068700567
YLR184W,YBRWDELTA15,0.25270150607447944
YLR184W,YBRWDELTA16,0.13730221385801247
YLR184W,YPRCTY1-2,0.03539404890086954
YLR184W,YPRCDELTA19,-0.03842180443177609
YLR184W,YPRWDELTA20,-0.022644239011403687
YLR184W,YPRWTY1-3,0.18258198510396456
YLR184W,YPRWDELTA21,-0.008932059167450525
YLR184W,YPRCDELTA22,0.045442103856315454
YLR184W,YPRCDELTA23,0.07067414889705853
YLR184W,YPRCTY1-4,0.1477461248491544
YLR184W,YPRCDELTA24,0.06372414927805234
YLR184W,YPRWSIGMA3,0.02127433392171119
YLR184W,TA(AGC)P,0.14584575437826267
YLR184W,TG(GCC)P2,0.06570371974104679
YLR184W,YPRWSIGMA4,0.0869006571217383
YLR184W,YPRCTAU3,-0.003155535245386172
YLR184W,YPRWTAU4,0.09760622473208642
YLR184W,YPR204W,0.13639400783219408
YLR184W,YBL112C,0.10160730985064377
YLR184W,YBL108W,0.04861855916231084
YLR184W,YBLWDELTA1,0.17542591445474465
YLR184W,YBLWDELTA2,0.016477500760297296
YLR184W,TC(GCA)P1,0.14667977416289166
YLR184W,YPLWDELTA9,0.03712617245054559
YLR184W,YPLCDELTA10,-0.10534861878771878
YLR184W,YPLWDELTA11,-0.09441997857653675
YLR184W,YPLCTAU1,0.02686805113600789
YLR184W,YPLCTY4-1,0.042515025909360946
YLR184W,YPLCTAU2,0.01268378931038406
YLR184W,YPRWDELTA12,0.05296739702753628
YLR184W,YPRCDELTA13,0.19723749244146105
YLR184W,TG(GCC)P1,0.27489146083958943
YLR184W,TS(UGA)P,0.2655418007288961
YLR184W,TT(UGU)P,0.21987865074903518
YLR184W,YPRWSIGMA2,0.07367453234446067
YLR184W,YPRWDELTA14,-0.14590549476353454
YLR184W,YPRCDELTA15,-0.025942824174218504
YLR184W,YPRWDELTA16,0.104670707798987
YLR184W,YPRWDELTA17,-0.08668466856660735
YLR184W,YPRCDELTA18,-0.05607344794178527
YLR184W,YORCDELTA21,0.10207180238416481
YLR184W,YORWTAU3,-0.10985502860119281
YLR184W,TA(UGC)O,0.13195093405903674
YLR184W,YORWSIGMA3,0.15953094610392707
YLR184W,YORWSIGMA4,0.036500517348500086
YLR184W,YORWDELTA22,-0.011713922949052213
YLR184W,YORWDELTA23,-0.004169189283972057
YLR184W,YORWTY2-2,0.01324443764281184
YLR184W,YORWDELTA24,-0.04381826124866778
YLR184W,YORCDELTA25,-0.05104380434532781
YLR184W,YPLCDELTA1,0.3212418697317408
YLR184W,YPLWSIGMA1,0.022017957243072206
YLR184W,YPLWDELTA3,0.04051892246832453
YLR184W,YPLWTY1-1,-0.0394738115603922
YLR184W,YPLWDELTA4,-0.053913478890977806
YLR184W,YPLWDELTA5,0.005792792930230181
YLR184W,YPLWDELTA6,-0.09310571860184212
YLR184W,TE(UUC)P,0.2270677342847804
YLR184W,YPLWDELTA7,0.23935908236684944
YLR184W,YPLWDELTA8,0.07583640465393604
YLR184W,YOLCDELTA8,0.26884729319499495
YLR184W,TR(ACG)O,0.0335098778377678
YLR184W,YOLCDELTA9,0.1802426152958335
YLR184W,YOLWSIGMA2,0.051232039631732854
YLR184W,YOLWDELTA10,0.20094596200278042
YLR184W,YORCDELTA11,0.31906519389160476
YLR184W,TG(CCC)O,-0.14933896625256432
YLR184W,YORWDELTA12,0.2196134778164437
YLR184W,YORWDELTA13,0.011837441662455171
YLR184W,YORWTY1-2,0.10709746361570907
YLR184W,YORWDELTA14,0.020292101190966843
YLR184W,YORCDELTA15,0.1380827421752321
YLR184W,YORWDELTA16,0.09169847809078142
YLR184W,YORWDELTA17,-0.02975309477925844
YLR184W,YORCDELTA18,0.0479923915993185
YLR184W,YORWDELTA19,-0.0506246132239463
YLR184W,YORWTAU2,-0.010874801395554875
YLR184W,YORCDELTA20,0.09028521372603122
YLR184W,YORCTY2-1,0.015544130201438147
YLR184W,YNRWSIGMA4,0.05483585901915719
YLR184W,YNRCDELTA8,-0.0402713068454105
YLR184W,YNRCDELTA9,-0.06739048028202703
YLR184W,YNR075W,-0.07407346497545943
YLR184W,YNR077C,-0.014483786207546008
YLR184W,YOLCDELTA1,0.174885855334732
YLR184W,YOLWTAU1,0.23004995947361018
YLR184W,YOLCDELTA2,0.0473598501617648
YLR184W,TG(UCC)O,0.06731894072978613
YLR184W,YOLCDELTA3,-0.03251914877898846
YLR184W,YOLWDELTA4,0.03949559728824822
YLR184W,NC_001147,0.15930985555003654
YLR184W,YOLWTY1-1,0.17526811353883634
YLR184W,YOLWDELTA5,-0.002850441387449818
YLR184W,TG(GCC)O1,0.11281207792835908
YLR184W,YOLWSIGMA1,0.4474343807852643
YLR184W,YOLWDELTA6,0.11328262860959466
YLR184W,YOLCDELTA7,-0.0696397013882393
YLR184W,TG(GCC)O2,0.06812115172686974
YLR184W,YNL339C,0.08343790804011836
YLR184W,YNL337W,0.11278119914948788
YLR184W,YNL336W,0.12955707904176153
YLR184W,TG(UCC)N,0.07714331047613393
YLR184W,YNLWTAU1,0.07299285775456858
YLR184W,YNLCDELTA1,0.0758350439845437
YLR184W,YNLCTY1-1,0.13368272941127965
YLR184W,YNLCDELTA2,-0.04943091750258417
YLR184W,YNLCSIGMA1,0.1759222087806887
YLR184W,YNLWDELTA3,-0.03363017398721986
YLR184W,YNLWTY1-2,-0.008411770091520006
YLR184W,YNLWDELTA4,0.08053671137288247
YLR184W,YNLWSIGMA2,0.09271245980615574
YLR184W,YNLWSIGMA3,0.15262446924869044
YLR184W,YNLWTAU2,0.0147710416023286
YLR184W,YNLCDELTA5,0.04933354404718796
YLR184W,YNLCTY2-1,-0.049729537860730776
YLR184W,YNLCDELTA6,0.06206206910721485
YLR184W,TP(AGG)N,0.041159526843630646
YLR184W,YNRCDELTA7,-0.06517783597731798
YLR184W,YNRCTAU3,0.01278984768022542
YLR184W,YMRCDELTA9,-0.08599446497182826
YLR184W,YMRCTY1-4,-0.06335762949605632
YLR184W,YMRCDELTA10,-0.026061005961737365
YLR184W,YMRCDELTA11,0.22953064740779006
YLR184W,YMRWDELTA12,-0.02658099044126087
YLR184W,YMRCDELTA13,0.005595097502778107
YLR184W,YMRCDELTA14,0.16746675038789885
YLR184W,YMRWDELTA15,0.29750388926468396
YLR184W,YMRWDELTA16,0.08706250638187753
YLR184W,YMRWTAU2,-0.010073439679559858
YLR184W,YMRWDELTA17,-0.06663278954823375
YLR184W,YMRCDELTA18,0.0729690375491099
YLR184W,TR(UCU)M1,0.08030562609680299
YLR184W,TA(AGC)M2,0.07672849788386599
YLR184W,YMRWDELTA19,0.08961361053171116
YLR184W,TQ(CUG)M,0.14650370226336562
YLR184W,YMRCTAU3,0.08286489706412098
YLR184W,YMRWDELTA20,0.259637235154415
YLR184W,YMRWDELTA21,0.11798409792563509
YLR184W,YMR326C,0.13435166757523626
YLR184W,TR(UCU)M2,0.10188865802659944
YLR184W,YMLCDELTA1,-0.08052589967676864
YLR184W,YMLCDELTA2,0.014065714897398654
YLR184W,TG(GCC)M,0.08364274020649903
YLR184W,YMLWDELTA3,0.01579351372235078
YLR184W,YMLWTY1-1,0.07929406797165006
YLR184W,YMLWDELTA4,0.09492992560419344
YLR184W,YMLWDELTA5,0.029201562418778516
YLR184W,NC_001145,0.14616435918863227
YLR184W,YMLWTY1-2,0.06457725629916813
YLR184W,YMLWDELTA6,0.048067796731072435
YLR184W,TS(AGA)M,0.2793840256966605
YLR184W,YMRCTAU1,0.006581363502930082
YLR184W,TE(UUC)M,0.2681595651301642
YLR184W,TA(AGC)M1,0.08177853629742449
YLR184W,YMRCDELTA7,0.06989519251587524
YLR184W,YMRCTY1-3,0.02564439246106478
YLR184W,YMRCDELTA8,-0.06904646336239657
YLR184W,TH(GUG)M,0.009046987299613904
YLR184W,YLRWTY2-1,0.13691916058546377
YLR184W,YLRWDELTA23,0.02368154807886756
YLR184W,YLRCDELTA24,0.2066373443102721
YLR184W,YLRCDELTA25,0.005677745355392117
YLR184W,YLRCTY2-2,-0.05570326348479503
YLR184W,YLRCDELTA26,-0.07266620853773884
YLR184W,YLRCDELTA27,0.17292703392052303
YLR184W,YLR462W,-0.00587831922307736
YLR184W,YLR463C,0.2753839264583775
YLR184W,YLR464W,0.037625251868618266
YLR184W,YLR466W,0.10193615339837922
YLR184W,YLR467W,0.06287170631842418
YLR184W,YML132W,0.22238419799875944
YLR184W,YLRWTY1-3,0.0991538499845084
YLR184W,YLRWDELTA14,-0.036017138174231654
YLR184W,TA(AGC)L,0.1505171607212736
YLR184W,YLRWSIGMA3,0.04806698123704056
YLR184W,YLRWDELTA15,-0.05819636367231955
YLR184W,YLRCDELTA16,-0.13221870817732548
YLR184W,YLRWDELTA17,0.34674099094364963
YLR184W,YLRCDELTA18,0.0781207099067363
YLR184W,YLRCDELTA19,-0.0010612457222725605
YLR184W,TI(AAU)L1,0.2490020722376377
YLR184W,TS(GCU)L,0.12058315246111657
YLR184W,YLRWSIGMA4,0.08756875992045327
YLR184W,YLRWDELTA20,0.11816044721525414
YLR184W,TE(UUC)L,0.21938227912209532
YLR184W,YLRCDELTA21,0.18949927223840501
YLR184W,TR(CCG)L,0.22698338997997022
YLR184W,YLRWDELTA22,0.06570261999577429
YLR184W,RDN25-1,0.07317287186554522
YLR184W,RDN18-1,0.012867239241184273
YLR184W,RDN5-1,0.11967747687255499
YLR184W,RDN5-3,0.16059851052063656
YLR184W,YLRCDELTA7,0.06981504814928845
YLR184W,YLRCTY1-1,0.1386001959099989
YLR184W,YLRCDELTA8,0.00495245847942801
YLR184W,YLRCDELTA9,-0.09553940327233834
YLR184W,YLRWDELTA10,-0.08853865265737307
YLR184W,YLRWTY1-2,0.0903153409072874
YLR184W,YLRWDELTA11,-0.00022372141973112355
YLR184W,YLRWDELTA12,0.2540948479515448
YLR184W,YLRCTAU1,-0.3152709996893796
YLR184W,YLRWDELTA13,-0.07524899794055756
YLR184W,YLL067C,0.1849758084457116
YLR184W,YLL066C,0.21615663403003987
YLR184W,YLLCDELTA1,-0.01163896951579606
YLR184W,TS(AGA)L,0.2311976334074427
YLR184W,YLRCSIGMA1,-0.0386271922498788
YLR184W,TA(UGC)L,0.10801810616086693
YLR184W,YLRCDELTA2,0.018702277035982744
YLR184W,NC_001144,0.1341270807960172
YLR184W,YLRCDELTA3,-0.13717804668616745
YLR184W,YLRWDELTA4,0.16413764117078272
YLR184W,YLRCDELTA5,0.1587968483294572
YLR184W,YLRWSIGMA2,0.13412130819527682
YLR184W,TR(ACG)L,0.11330983699599234
YLR184W,TQ(UUG)L,0.1506328640971239
YLR184W,YLRWDELTA6,0.05731158931777444
YLR184W,RDN37-1,0.315011327639798
YLR184W,YKLCDELTA2,0.04139572837661367
YLR184W,TE(UUC)K,0.17924645174615073
YLR184W,TR(UCU)K,0.1548864533635631
YLR184W,YKLWDELTA3,0.2200560139893118
YLR184W,YKLCSIGMA1,0.1612594183034604
YLR184W,YKLCDELTA4,-0.10605543946954664
YLR184W,TA(AGC)K1,-0.18734684458679002
YLR184W,YKLCDELTA5,0.10294659069335849
YLR184W,TH(GUG)K,-0.06449398132550027
YLR184W,YKLCDELTA6,-0.1006268292756589
YLR184W,YKLWDELTA7,0.009982590437519078
YLR184W,YKRCDELTA8,0.11616348021525241
YLR184W,YKRCDELTA9,-0.23635262444166083
YLR184W,YKRWDELTA10,0.13523084687005968
YLR184W,TR(ACG)K,0.16687076422369818
YLR184W,YKRCDELTA11,0.16995003688398821
YLR184W,YKRCDELTA12,0.10364945638694271
YLR184W,TA(AGC)K2,0.137704198975416
YLR184W,YKR106W,0.38898444251405695
YLR184W,YKRWOMEGA1,0.1273522399382272
YLR184W,YJRWTY1-2,0.08765118259060566
YLR184W,YJRWDELTA13,0.04717473121704433
YLR184W,TM(CAU)J3,0.17602461965943278
YLR184W,YJRWDELTA14,-0.15009040358734327
YLR184W,TS(AGA)J,0.18910003329837222
YLR184W,YJLWDELTA15,0.20826960745244344
YLR184W,TG(GCC)J2,0.12831511443896956
YLR184W,YJLWDELTA16,-0.01408006630466499
YLR184W,YJRWDELTA17,0.209271405903466
YLR184W,TR(CCU)J,0.3394090537925008
YLR184W,YJRWDELTA18,0.1236101381842611
YLR184W,YJLWDELTA19,0.2832631467845778
YLR184W,YJRWDELTA20,0.01590884217309461
YLR184W,YJR161C,0.25999536420574365
YLR184W,YJR162C,0.007821530345048454
YLR184W,YKL225W,0.06675479191271383
YLR184W,YKL223W,0.06218251399260047
YLR184W,TT(CGU)K,0.013108624373356078
YLR184W,YKLWDELTA1,0.14111335748029977
YLR184W,TN(GUU)K,0.1780407727298679
YLR184W,YJLCDELTA4,0.05648866676923029
YLR184W,YJLCDELTA5,0.061577394388570274
YLR184W,TR(UCU)J1,0.088860369337865
YLR184W,TR(UCU)J2,0.13542502360308742
YLR184W,YJLCDELTA6,-0.034599513849401076
YLR184W,YJLCDELTA7,0.11506688433366162
YLR184W,TV(AAC)J,0.27841603789195174
YLR184W,TM(CAU)J1,-0.10755736906294731
YLR184W,TG(GCC)J1,0.2619271481513131
YLR184W,TK(CUU)J,-0.06807567590638346
YLR184W,YJRWTAU3,-0.10750801915113421
YLR184W,YJLWDELTA8,-0.018870549563532794
YLR184W,YJLWDELTA9,0.17585876555383329
YLR184W,YJLWTAU4,0.12724660869024726
YLR184W,YJLWDELTA10,0.06443450771656882
YLR184W,TL(UAA)J,-0.07273355859487092
YLR184W,YJRWDELTA11,-0.011033798392748038
YLR184W,YJRWTY1-1,0.06010473651471501
YLR184W,YJRWDELTA12,-0.07965072603142498
YLR184W,TE(UUC)J,0.20619175169955184
YLR184W,TA(AGC)J,0.061403689334479906
YLR184W,YJLWSIGMA1,-0.003942938454460607
YLR184W,YJLWTAU1,-0.09513692291708807
YLR184W,YJLWTY4-1,0.0882888447991953
YLR184W,YJLWTAU2,0.09503305314874332
YLR184W,YJLCDELTA3,0.06396827139501197
YLR184W,YJLWDELTA2,0.1440776667372905
YLR184W,TD(GUC)J1,0.08946185210989126
YLR184W,TR(ACG)J,0.16171336954237864
YLR184W,YAL068C,0.1449410203933298
YLR184W,YALWDELTA1,0.23612874267571285
YLR184W,YALCDELTA2,0.04463736428739772
YLR184W,YARCDELTA3,0.23427425246465636
YLR184W,YARCDELTA4,0.08080485641811909
YLR184W,YARCTY1-1,0.19152523170860344
YLR184W,NC_001133,0.16746098780432592
YLR184W,YARCDELTA5,0.01696386451257071
YLR184W,TA(UGC)A,0.0788758812192408
YLR184W,TS(AGA)A,0.40713416701741234
YLR184W,YARWDELTA6,0.14523485305451259
YLR184W,YARWDELTA7,-0.02833443694269107
YLR184W,YARCDELTA8,0.3180109906076518
YLR184W,TT(AGU)J,0.046127529382693835
YLR184W,YJLWDELTA1,0.009295755610621046
YLR184W,MAL23,0.21565446347171696
YLR184W,MEL1,0.10735613799927013
YLR184W,RTM1,0.10200171519372644
YLR184W,STRP,0.2831211878054152
YLR184W,SUC4,-0.025709698418588164
YLR184W,YBR006W,0.09785825375649425
YLR184W,YCL024W,-0.12802847135340661
YLR184W,YKL033W-A,0.06058008417785671
YLR184W,YKL198C,0.2731487770526315
YLR184W,YNL180C,0.09648244312313882
YLR184W,2mic_FLP1,0.016105567901184788
YLR184W,2mic_REP1,-0.08796181508006136
YLR184W,2mic_D_protein,0.2408696436375324
YLR184W,2mic_REP2,0.19044816575526252
YLR184W,NC_001224,0.16434490427454018
YLR184W,KANMX4,0.25175811109771845
YLR184W,Q0085,0.200900766353917
YLR184W,Q0115,0.028874951049556986
YLR184W,Q0120,0.4486551520489114
YLR184W,Q0130,0.23970383617433902
YLR184W,NC_001141,-0.17258410357981013
YLR184W,SNR68,-0.06645134808356627
YLR184W,YIR044C,0.15457058388155076
YLR184W,YIR020W-B,-0.06586821610607997
YLR184W,YIL156w-a,0.030603797266160367
YLR184W,YIL100c-a,0.05937734809639386
YLR184W,YIL071w-a,0.17162394312457055
YLR184W,YIL068w-a,0.23780790194176565
YLR184W,YIL066w-a,-0.06712588351971588
YLR184W,YIR017w-a,0.2084354472014903
YLR184W,YIR020c-a,-0.048575923710557696
YLR184W,YIR023c-a,0.19389195732133352
YLR184W,YIL162W,-0.07162248335503098
YLR184W,YIL106W,-0.07423774775771498
YLR184W,YIL066C,0.23391393359938928
YLR184W,YIR020C,-0.01759195028476282
YLR184W,YIR021W,-0.15225699787817587
YLR184W,YIR022W,0.08620411643285929
YLR184W,YIR023W,0.24321060353961374
YLR184W,YIR024C,0.006734354307466167
YLR184W,YIR025W,0.3904959007013046
YLR184W,YIR026C,0.14397619509532658
YLR184W,YIR027C,0.11568059309584527
YLR184W,YIR028W,0.15141947086816718
YLR184W,YIR029W,0.16461398407968028
YLR184W,YIR030C,0.07851137264203141
YLR184W,YIR031C,0.2256086704672086
YLR184W,YIR032C,0.3002679169208442
YLR184W,YIR033W,-0.12424465424856229
YLR184W,YIR034C,0.13352125381916988
YLR184W,YIR035C,0.34521496759780484
YLR184W,YIR036C,0.16215821907403966
YLR184W,YIR037W,0.1402439112841425
YLR184W,YIR038C,0.23719592670506282
YLR184W,YIR039C,0.13870593503552864
YLR184W,YIR041W,0.05740442604379335
YLR184W,YIR042C,0.03378151100149719
YLR184W,YIR043C,0.07498045327452453
YLR184W,YIL003W,0.2567419369319817
YLR184W,YIL002C,0.19949459981087359
YLR184W,YIL001W,0.2605586015298475
YLR184W,YIR001C,-0.054069941005416976
YLR184W,YIR002C,0.2734606132503507
YLR184W,YIR003W,0.14146054139931272
YLR184W,YIR004W,0.12764466085614873
YLR184W,YIR005W,0.1034401981570462
YLR184W,YIR006C,0.25252508779077165
YLR184W,YIR007W,0.022589226560146967
YLR184W,YIR008C,0.026863401228398667
YLR184W,YIR009W,0.24225812371683073
YLR184W,YIR010W,0.01355247093467382
YLR184W,YIR011C,0.10655365081569987
YLR184W,YIR012W,0.12931916790785244
YLR184W,YIR013C,-0.10639214977215175
YLR184W,YIR014W,0.08335440979107825
YLR184W,YIR015W,0.11768098688738259
YLR184W,YIR016W,0.10697499432416022
YLR184W,YIR017C,0.04928966076735998
YLR184W,YIR018W,0.34607954436565946
YLR184W,YIR019C,0.02709260518516208
YLR184W,YIL024C,-0.03138801123565771
YLR184W,YIL023C,0.3179940688757797
YLR184W,YIL022W,0.07616349199181564
YLR184W,YIL021W,0.08957473420861702
YLR184W,YIL020C,0.18864882359489282
YLR184W,YIL019W,0.24117117721545667
YLR184W,YIL017C,0.09234771852037386
YLR184W,YIL016W,-0.06465024469650553
YLR184W,YIL015W,0.043685744008672554
YLR184W,YIL015C-A,0.016740817977347434
YLR184W,YIL014W,0.26710436847022223
YLR184W,YIL013C,0.12168897653009485
YLR184W,YIL012W,0.3416737758796432
YLR184W,YIL011W,0.04388427875965587
YLR184W,YIL010W,0.09860250420646362
YLR184W,YIL009C-A,0.11143885398712577
YLR184W,YIL009W,0.2580409335026584
YLR184W,YIL008W,0.23012760193295598
YLR184W,YIL007C,-0.038471287764634154
YLR184W,YIL006W,0.1392790461814792
YLR184W,YIL005W,0.14885973495028865
YLR184W,YIL004C,0.055950551116553025
YLR184W,YIL047C,0.3309856880269164
YLR184W,YIL046W,0.17778398471330925
YLR184W,YIL045W,0.12977507174925496
YLR184W,YIL044C,-0.03037340936029265
YLR184W,YIL043C,0.16374948123957908
YLR184W,YIL042C,0.1771339386841533
YLR184W,YIL041W,0.15302031178349032
YLR184W,YIL040W,0.027568963266532426
YLR184W,YIL039W,0.17803974713345988
YLR184W,YIL038C,0.14850247236977734
YLR184W,YIL037C,0.0314155828936081
YLR184W,YIL036W,0.15529906952480835
YLR184W,YIL035C,-0.09629110244248543
YLR184W,YIL034C,-0.011415798458432571
YLR184W,YIL033C,0.16011691227997693
YLR184W,YIL032C,0.22591258635484424
YLR184W,YIL031W,0.24538503056749164
YLR184W,YIL030C,0.22825742709072347
YLR184W,YIL029C,0.12998736683182266
YLR184W,YIL028W,0.2188523643806245
YLR184W,YIL027C,0.2091963914694372
YLR184W,YIL026C,-0.2141497052744982
YLR184W,YIL025C,-0.09483842748925099
YLR184W,YIL072W,0.2249545148390273
YLR184W,YIL071C,0.05338785567460305
YLR184W,YIL070C,-0.07040797170368632
YLR184W,YIL068C,0.1252910189808388
YLR184W,YIL067C,0.35835007347514725
YLR184W,YIL065C,0.045024470908562375
YLR184W,YIL064W,0.16117356706323155
YLR184W,YIL063C,0.11814946916860077
YLR184W,YIL062C,0.1162309249984586
YLR184W,YIL061C,0.38346389194066455
YLR184W,YIL060W,0.39287791051937154
YLR184W,YIL059C,0.02715202672385199
YLR184W,YIL058W,0.5474707036227683
YLR184W,YIL057C,0.10268466066859377
YLR184W,YIL056W,0.25355432030159025
YLR184W,YIL055C,0.12400671998475024
YLR184W,YIL054W,-0.01281548958302662
YLR184W,YIL053W,0.17523647111410662
YLR184W,YIL052C,0.1186809574647815
YLR184W,YIL051C,0.12333015846909347
YLR184W,YIL050W,-0.03596264299087755
YLR184W,YIL049W,-0.002854145302900383
YLR184W,YIL048W,0.20271113750790767
YLR184W,YIL096C,0.25369445776356764
YLR184W,YIL095W,0.09897170953123564
YLR184W,YIL094C,0.10534064705268913
YLR184W,YIL093C,-0.03354901986646526
YLR184W,YIL092W,0.2465760880596963
YLR184W,YIL091C,0.13408634062953467
YLR184W,YIL090W,0.2522955000476899
YLR184W,YIL089W,0.21881794170651636
YLR184W,YIL088C,0.016384348806496567
YLR184W,YIL087C,0.16834476793972425
YLR184W,YIL086C,0.16512412300361287
YLR184W,YIL085C,0.2554775943358689
YLR184W,YIL084C,0.2536894791097977
YLR184W,YIL083C,0.1888486184539555
YLR184W,YIL080W,-0.09141538557282958
YLR184W,YIL079C,0.049958244637822176
YLR184W,YIL078W,0.19679098517975993
YLR184W,YIL077C,0.18819936900489162
YLR184W,YIL076W,-0.11683953462632503
YLR184W,YIL075C,0.02040558144743612
YLR184W,YIL074C,-0.05980028912547812
YLR184W,YIL073C,0.10070099619306745
YLR184W,YIL119C,0.26476490472073094
YLR184W,YIL118W,0.009570750515968264
YLR184W,YIL117C,0.31435937144244064
YLR184W,YIL116W,-0.005589265873427516
YLR184W,YIL115C,-0.05275719971248483
YLR184W,YIL114C,0.08388275630989298
YLR184W,YIL113W,0.19639617289572214
YLR184W,YIL112W,0.17769277425141292
YLR184W,YIL111W,-0.07370388507576875
YLR184W,YIL110W,0.16357592383466546
YLR184W,YIL109C,-0.011486240120641906
YLR184W,YIL108W,0.0799507243178901
YLR184W,YIL107C,0.08080899426674396
YLR184W,YIL105C,0.030290035443871093
YLR184W,YIL104C,0.08356844194967877
YLR184W,YIL103W,0.15062932804625032
YLR184W,YIL102C,-0.003962206179917541
YLR184W,YIL101C,0.09242412539932378
YLR184W,YIL100W,0.08205613198893986
YLR184W,YIL099W,0.18453369067125325
YLR184W,YIL098C,-0.03666180877315844
YLR184W,YIL097W,0.11539284924849016
YLR184W,YIL140W,-0.1379754234127652
YLR184W,YIL139C,-0.02445781822570738
YLR184W,YIL138C,-0.08530829851682889
YLR184W,YIL137C,0.14834263092159347
YLR184W,YIL136W,0.08875328525348508
YLR184W,YIL135C,0.13679589340951814
YLR184W,YIL134W,-0.04561824641637636
YLR184W,YIL133C,0.2892345726968552
YLR184W,YIL132C,0.054957392714800664
YLR184W,YIL131C,-0.05936723847794438
YLR184W,YIL130W,0.1507424655466185
YLR184W,YIL129C,0.15786364334728853
YLR184W,YIL128W,0.09916833102465548
YLR184W,YIL127C,0.22912038874128388
YLR184W,YIL126W,0.05154174606715412
YLR184W,YIL125W,0.07684954845149017
YLR184W,YIL124W,0.09868030126530519
YLR184W,YIL123W,-0.11220222932373512
YLR184W,YIL122W,0.3129136649940376
YLR184W,YIL121W,0.17193218267857727
YLR184W,YIL120W,0.14229447313435792
YLR184W,YIL165C,0.16996310282998187
YLR184W,YIL164C,0.3210439143350034
YLR184W,YIL163C,0.02157172812729807
YLR184W,YIL161W,0.3029170010035402
YLR184W,YIL160C,0.03708241067174449
YLR184W,YIL159W,-0.1425117924773881
YLR184W,YIL158W,-0.03419022465220548
YLR184W,YIL157C,-0.0447471917516093
YLR184W,YIL156W,-0.05770241561149413
YLR184W,YIL155C,0.028752361900015285
YLR184W,YIL154C,0.16730711223958503
YLR184W,YIL153W,0.028389939671527555
YLR184W,YIL152W,0.2239552289911507
YLR184W,YIL151C,0.05657551218062044
YLR184W,YIL150C,0.2254488415674003
YLR184W,YIL149C,0.060320721968571744
YLR184W,YIL148W,-0.06984727268577857
YLR184W,YIL147C,0.01258056428767376
YLR184W,YIL146C,0.3194015245165077
YLR184W,YIL145C,0.06944096908549731
YLR184W,YIL144W,0.11216395338295965
YLR184W,YIL143C,0.16990508050056585
YLR184W,YIL142W,0.13344771574322764
YLR184W,YIL141W,0.05033691516772086
YLR184W,CEN8,0.13265656662497738
YLR184W,SNR32,-0.09139850649231623
YLR184W,SNR71,0.17466786879908644
YLR184W,YIL176C,0.13416007410002234
YLR184W,YIL171W,0.2016166118362402
YLR184W,YIL168W,0.33683849991474885
YLR184W,YIL167W,0.24762502907883835
YLR184W,YIL166C,0.2874172650414125
YLR184W,YHR077C,0.06312504134666361
YLR184W,YHR209W,0.05244939620976419
YLR184W,YHR196W,0.18041376878730594
YLR184W,YHR197W,0.21916900019637942
YLR184W,YHR198C,-0.07564637709661277
YLR184W,YHR199C,0.272381505652537
YLR184W,YHR200W,0.16160143532546553
YLR184W,YHR201C,0.08716881860368661
YLR184W,YHR202W,0.19551496574741342
YLR184W,YHR204W,0.11697568737611885
YLR184W,YHR205W,0.16529776591923884
YLR184W,YHR206W,0.28425970083969554
YLR184W,YHR207C,0.060391717787994556
YLR184W,YHR208W,0.09446011383439383
YLR184W,YHR210C,0.24725012432942783
YLR184W,YHR216W,0.1222540587343342
YLR184W,YHR218W,0.092851963807406
YLR184W,YHL046w-a,0.14614301501699278
YLR184W,YHL030w-a,-0.006427534921130164
YLR184W,YHL006w-a,0.25531405444732114
YLR184W,YHL002c-a,0.3827283555709958
YLR184W,YHR056w-a,0.21210238617991492
YLR184W,YHR063w-a,0.304396042951664
YLR184W,YHR070c-a,0.13702020312213192
YLR184W,YHR131w-a,0.23199842001594978
YLR184W,YHR173C,-0.11084579663358958
YLR184W,YHR174W,0.32779422662879554
YLR184W,YHR175W,-0.018792387716595325
YLR184W,YHR176W,0.00898709246926515
YLR184W,YHR177W,0.27817440010548594
YLR184W,YHR178W,0.13832141974356535
YLR184W,YHR179W,0.15501988646833023
YLR184W,YHR180W,0.16692973371610254
YLR184W,YHR181W,0.15636580376019382
YLR184W,YHR182W,0.2029144374050151
YLR184W,YHR183W,0.01033441778762893
YLR184W,YHR184W,0.10364551365674098
YLR184W,YHR185C,0.038792716550933255
YLR184W,YHR186C,0.034373950222603755
YLR184W,YHR187W,0.2461060265380014
YLR184W,YHR188C,-0.0011439759294240447
YLR184W,YHR189W,0.03059436198612054
YLR184W,YHR190W,0.006300721602112258
YLR184W,YHR191C,0.17200364469121093
YLR184W,YHR192W,0.20406571531329007
YLR184W,YHR193C,0.25665017686013547
YLR184W,YHR194W,0.1415769079349187
YLR184W,YHR195W,0.15955118260468287
YLR184W,YHR151C,0.2292931968053218
YLR184W,YHR152W,-0.015990408077412793
YLR184W,YHR153C,-0.29395290984587735
YLR184W,YHR154W,-0.2057091315348484
YLR184W,YHR155W,0.10365709957847084
YLR184W,YHR156C,0.1968148158678161
YLR184W,YHR157W,0.15882426448567147
YLR184W,YHR158C,0.04869337454345232
YLR184W,YHR159W,0.056964360119541174
YLR184W,YHR160C,0.19085046455443064
YLR184W,YHR161C,0.13431118308129752
YLR184W,YHR162W,0.2301425213332781
YLR184W,YHR163W,0.17348541414373908
YLR184W,YHR164C,0.16258832598742892
YLR184W,YHR165C,0.44349624573383084
YLR184W,YHR166C,0.1370634127362187
YLR184W,YHR167W,0.09504544306441166
YLR184W,YHR168W,-0.018022310640830718
YLR184W,YHR169W,0.11587112198500239
YLR184W,YHR170W,0.13463895758245237
YLR184W,YHR171W,0.11551887880235816
YLR184W,YHR172W,-0.0958142279641847
YLR184W,YHR129C,-0.04679663421431322
YLR184W,YHR130C,0.17509408376293029
YLR184W,YHR131C,0.235688665284876
YLR184W,YHR132C,0.29594253099768525
YLR184W,YHR133C,0.36861860603934826
YLR184W,YHR134W,0.11592232080567758
YLR184W,YHR135C,0.14233437757607456
YLR184W,YHR136C,0.17258757105254732
YLR184W,YHR137W,0.07273273378251041
YLR184W,YHR138C,0.19559788147319682
YLR184W,YHR139C,0.09113884183692997
YLR184W,YHR139C-A,0.18858795051019184
YLR184W,YHR140W,0.048203221832387615
YLR184W,YHR142W,0.11513483980406529
YLR184W,YHR143W,0.11833072636760027
YLR184W,YHR143W-A,0.12851747050992152
YLR184W,YHR144C,-0.0060840367924838365
YLR184W,YHR145C,0.2362163690108745
YLR184W,YHR146W,0.144473699773993
YLR184W,YHR147C,-0.020216361888876964
YLR184W,YHR148W,0.18561578991131159
YLR184W,YHR149C,-0.07556138779215954
YLR184W,YHR150W,0.18633776268258964
YLR184W,YHR108W,0.048327773213635426
YLR184W,YHR109W,-0.0738475322962168
YLR184W,YHR110W,-0.13142724785251156
YLR184W,YHR111W,0.14827829813962376
YLR184W,YHR112C,-0.0021888460254066294
YLR184W,YHR113W,0.11165019135333813
YLR184W,YHR114W,0.20162275620033018
YLR184W,YHR115C,0.03448492927182249
YLR184W,YHR116W,-0.007115632648622006
YLR184W,YHR117W,-0.020674933597841297
YLR184W,YHR118C,-0.10442550704368703
YLR184W,YHR119W,0.17200830921119312
YLR184W,YHR120W,0.0022847892238176625
YLR184W,YHR121W,-0.0996545419319042
YLR184W,YHR122W,0.18794033715323427
YLR184W,YHR123W,-0.07312390415702641
YLR184W,YHR124W,0.14771837030464946
YLR184W,YHR125W,0.2251604163894591
YLR184W,YHR126C,-0.06983575828033022
YLR184W,YHR127W,-0.03786974113593812
YLR184W,YHR128W,0.15371172718145149
YLR184W,YHR087W,0.19204862468960068
YLR184W,YHR088W,0.21288436583975187
YLR184W,YHR089C,0.17270624031347034
YLR184W,YHR090C,0.28262573681167935
YLR184W,YHR091C,0.08648872691227627
YLR184W,YHR092C,0.3032474839097699
YLR184W,YHR093W,0.1634667506626096
YLR184W,YHR094C,0.04200259569616758
YLR184W,YHR095W,0.23720051755957167
YLR184W,YHR096C,0.2897286885752359
YLR184W,YHR097C,0.17986954640517472
YLR184W,YHR098C,0.09269100356062258
YLR184W,YHR099W,0.233542488248021
YLR184W,YHR100C,0.19868049555433862
YLR184W,YHR101C,0.26795678146141627
YLR184W,YHR102W,0.10885053529040646
YLR184W,YHR103W,0.006889094202986125
YLR184W,YHR104W,0.10010408644783672
YLR184W,YHR105W,0.20192548800017793
YLR184W,YHR106W,0.11339703558775925
YLR184W,YHR107C,0.010363733898639708
YLR184W,YHR065C,0.15084449296410637
YLR184W,YHR066W,0.13537977894242723
YLR184W,YHR067W,0.11066346144859845
YLR184W,YHR068W,0.12787703961655728
YLR184W,YHR069C,0.21723964639382537
YLR184W,YHR070W,0.1226838804926146
YLR184W,YHR071W,0.2833667851993537
YLR184W,YHR072W,0.2865324755851745
YLR184W,YHR073W,-0.08656572281413011
YLR184W,YHR074W,-0.04962641708901194
YLR184W,YHR075C,0.11329584074726465
YLR184W,YHR076W,-0.031646124513674004
YLR184W,YHR078W,0.22123155043940093
YLR184W,YHR079C,0.061075281173231244
YLR184W,YHR079C-A,0.1077367588881659
YLR184W,YHR080C,0.11019428322689036
YLR184W,YHR081W,0.2297031379923429
YLR184W,YHR082C,0.20625951564214534
YLR184W,YHR083W,0.004841445132094194
YLR184W,YHR084W,0.03277338244508341
YLR184W,YHR085W,0.17996740365839786
YLR184W,YHR086W,-0.0009569224025287029
YLR184W,YHR040W,0.1486827816897059
YLR184W,YHR041C,0.13447043728853272
YLR184W,YHR042W,0.1274865954111464
YLR184W,YHR043C,-0.02156248789637871
YLR184W,YHR044C,-0.0898585234260654
YLR184W,YHR045W,0.13353432857907327
YLR184W,YHR046C,0.09970619611004937
YLR184W,YHR047C,-0.01309503442673392
YLR184W,YHR048W,0.2854414145663876
YLR184W,YHR049W,-0.052640590375684485
YLR184W,YHR049C-A,-0.008315726124384758
YLR184W,YHR050W,0.10739614462009232
YLR184W,YHR051W,-0.013073047186898074
YLR184W,YHR052W,0.20702334977760814
YLR184W,YHR053C,0.26438917105866905
YLR184W,YHR054C,-0.02341576927436887
YLR184W,YHR057C,0.22637088896949642
YLR184W,YHR058C,0.25988689376896157
YLR184W,YHR059W,-0.12468192522017131
YLR184W,YHR060W,0.08630444190878496
YLR184W,YHR061C,-0.12501655909541745
YLR184W,YHR062C,0.211423480501103
YLR184W,YHR063C,0.05868573221883514
YLR184W,YHR064C,0.23148843121448157
YLR184W,YHR020W,0.21113211214568225
YLR184W,YHR021C,0.26244669042142116
YLR184W,YHR021W-A,0.24960854650084932
YLR184W,YHR022C,0.27268854300140666
YLR184W,YHR023W,0.0005127038368495469
YLR184W,YHR024C,-0.15597248231750774
YLR184W,YHR025W,0.2941819955893633
YLR184W,YHR026W,0.15980971486429563
YLR184W,YHR027C,0.20585410633624576
YLR184W,YHR028C,0.27893845068631334
YLR184W,YHR029C,0.40917843535214327
YLR184W,YHR030C,0.19279967276896942
YLR184W,YHR031C,0.049357599521235945
YLR184W,YHR032W,0.14132914129136165
YLR184W,YHR033W,0.2973685654240852
YLR184W,YHR034C,0.26900226362684326
YLR184W,YHR035W,0.04357073284907092
YLR184W,YHR036W,0.35940996701311684
YLR184W,YHR037W,0.15046011433079953
YLR184W,YHR038W,-0.11451838091359608
YLR184W,YHR039C,0.038363281485220065
YLR184W,YHR039C-B,0.17108678670398825
YLR184W,YHL001W,0.185464166718511
YLR184W,YHR001W,0.21621870761728593
YLR184W,YHR001W-A,0.0038978200927972818
YLR184W,YHR002W,0.1395805854941832
YLR184W,YHR003C,0.1975203582319163
YLR184W,YHR004C,-0.044769781635940066
YLR184W,YHR005C,0.24416121256167447
YLR184W,YHR005C-A,-0.05174426564518196
YLR184W,YHR006W,0.2531016607250611
YLR184W,YHR007C,0.29041560144471634
YLR184W,YHR008C,0.13545640817839946
YLR184W,YHR009C,-0.02213139663240037
YLR184W,YHR010W,0.0883793776374071
YLR184W,YHR011W,-0.07389971790737719
YLR184W,YHR012W,0.040879911734366906
YLR184W,YHR013C,0.0012779904058627548
YLR184W,YHR014W,0.005323264602618157
YLR184W,YHR015W,0.2355972925093753
YLR184W,YHR016C,0.010110857648392507
YLR184W,YHR017W,-0.08273977273668268
YLR184W,YHR018C,0.14846077714949352
YLR184W,YHR019C,0.18786736210468039
YLR184W,YHL023C,0.14167655069914986
YLR184W,YHL022C,0.06083871263064556
YLR184W,YHL021C,-0.12946420390432936
YLR184W,YHL020C,0.2319524673891498
YLR184W,YHL019C,0.24970023145955966
YLR184W,YHL018W,0.17996539553703747
YLR184W,YHL017W,0.046713881690282955
YLR184W,YHL016C,0.23224078427328831
YLR184W,YHL015W,-0.02344963690586403
YLR184W,YHL014C,-0.15239065598962895
YLR184W,YHL013C,0.013951695518509912
YLR184W,YHL012W,0.46644955878137806
YLR184W,YHL011C,0.2183852400809455
YLR184W,YHL010C,0.07056393597688176
YLR184W,YHL009C,0.14631243231237892
YLR184W,YHL008C,-0.039905857848946624
YLR184W,YHL007C,0.047698557777047255
YLR184W,YHL006C,-0.06493574042526255
YLR184W,YHL005C,-0.11582054751933324
YLR184W,YHL004W,-0.08196069421295268
YLR184W,YHL003C,0.03836873607519583
YLR184W,YHL002W,0.26316410347404245
YLR184W,SNR7-L,0.06465043163032458
YLR184W,YHL047C,-0.005934182699827641
YLR184W,YHL046C,0.2983305996208708
YLR184W,YHL044W,0.18375808236813665
YLR184W,YHL043W,0.05416547736810963
YLR184W,YHL042W,0.16896617844410847
YLR184W,YHL041W,0.26924743942552787
YLR184W,YHL040C,-0.04392032480918845
YLR184W,YHL039W,0.3203768985268447
YLR184W,YHL038C,-0.2436708924782062
YLR184W,YHL037C,0.1966291349562818
YLR184W,YHL036W,0.17408057947178338
YLR184W,YHL035C,0.1013640810737867
YLR184W,YHL034C,0.14177594195398147
YLR184W,YHL033C,0.1724939425389568
YLR184W,YHL032C,0.03618295853729313
YLR184W,YHL031C,0.11671779856323103
YLR184W,YHL030W,-0.14282755310487913
YLR184W,YHL029C,0.3556267939066888
YLR184W,YHL028W,0.05686173840004505
YLR184W,YHL027W,0.4388265484489852
YLR184W,YHL026C,0.3791147310527516
YLR184W,YHL025W,0.25220141273953384
YLR184W,YHL024W,0.0917894741689483
YLR184W,SNR39,0.13423172669252997
YLR184W,SNR39b,0.08897663088340374
YLR184W,SNR46,-0.09762888219204711
YLR184W,SNR48,-0.16085084772491412
YLR184W,YGR275W,-0.07330588704492884
YLR184W,YGR276C,0.12727989292371344
YLR184W,YGR277C,0.10160574751497371
YLR184W,YGR278W,0.15228479816556784
YLR184W,YGR279C,0.04779728271208916
YLR184W,YGR280C,0.1147399528762336
YLR184W,YGR281W,0.18732206760613807
YLR184W,YGR282C,0.14944131897272925
YLR184W,YGR283C,0.2303723427419066
YLR184W,YGR284C,0.08486111406895881
YLR184W,YGR285C,0.16341392759046106
YLR184W,YGR286C,0.15021496560171527
YLR184W,YGR287C,0.06977392974169472
YLR184W,YGR288W,0.3050459165706682
YLR184W,YGR289C,0.13047497233434602
YLR184W,YGR290W,0.22227635682692254
YLR184W,YGR291C,0.013852637658644857
YLR184W,YGR293C,0.13787292944838375
YLR184W,YGR294W,0.09160476268133692
YLR184W,YGR122C-A,0.16120700867464655
YLR184W,YGL006w-a,0.29737864820790944
YLR184W,YGR029W,0.08148918373055333
YLR184W,YGR254W,0.2464983164719083
YLR184W,YGR255C,0.1006079736858407
YLR184W,YGR256W,0.21752975040857248
YLR184W,YGR257C,0.00990700368593944
YLR184W,YGR258C,0.05675887933756213
YLR184W,YGR259C,0.31237697150636795
YLR184W,YGR260W,0.39525314643202636
YLR184W,YGR261C,0.06503390834605108
YLR184W,YGR262C,0.14817075932140625
YLR184W,YGR263C,0.09300957910440683
YLR184W,YGR264C,0.2752646267803359
YLR184W,YGR265W,0.21688722117046902
YLR184W,YGR266W,0.0580860124265974
YLR184W,YGR267C,0.15920576656373114
YLR184W,YGR268C,0.29407660831887633
YLR184W,YGR269W,0.20087865813022315
YLR184W,YGR270W,0.09211999196898689
YLR184W,YGR271W,-0.09606644693135663
YLR184W,YGR272C,0.1656416136388366
YLR184W,YGR273C,0.19598944038018154
YLR184W,YGR274C,0.12068318226206586
YLR184W,YGR231C,-0.013050104433695569
YLR184W,YGR232W,0.01600959950970343
YLR184W,YGR233C,0.1973938884919265
YLR184W,YGR234W,0.06586027111292037
YLR184W,YGR235C,0.13409019535106323
YLR184W,YGR236C,0.018458769594616366
YLR184W,YGR237C,0.010565588252093333
YLR184W,YGR238C,-0.061830675937886374
YLR184W,YGR239C,0.14615025018214903
YLR184W,YGR240C,0.3261625628624753
YLR184W,YGR241C,-0.01341526338971672
YLR184W,YGR242W,0.30541469302326485
YLR184W,YGR243W,0.047581441444526376
YLR184W,YGR244C,0.037224379759095
YLR184W,YGR245C,0.16538298682059213
YLR184W,YGR246C,0.1517388887351546
YLR184W,YGR247W,0.08436332780188968
YLR184W,YGR248W,0.126479068743449
YLR184W,YGR249W,0.023074907174348416
YLR184W,YGR250C,0.0844039091176718
YLR184W,YGR251W,0.1838546525444058
YLR184W,YGR252W,-0.10118802416482817
YLR184W,YGR253C,0.0009075432589898399
YLR184W,YGR209C,0.018169012379369926
YLR184W,YGR210C,0.03695200618890914
YLR184W,YGR211W,0.16393338831678136
YLR184W,YGR212W,-0.04282251705330296
YLR184W,YGR213C,0.17480293572493488
YLR184W,YGR214W,0.18076389519191804
YLR184W,YGR215W,-0.23437001733902021
YLR184W,YGR216C,-0.07941620563773638
YLR184W,YGR217W,0.1265891656064424
YLR184W,YGR218W,0.11235882286502194
YLR184W,YGR219W,-0.09448262986886762
YLR184W,YGR220C,-0.198426714715522
YLR184W,YGR221C,-0.20171568265697615
YLR184W,YGR222W,-0.014959033143194193
YLR184W,YGR223C,0.141002445748896
YLR184W,YGR224W,0.13327597399469276
YLR184W,YGR225W,0.07897525248522651
YLR184W,YGR226C,0.07657533661677954
YLR184W,YGR227W,0.17450022743662932
YLR184W,YGR228W,0.06677751381966132
YLR184W,YGR229C,0.005782409582712541
YLR184W,YGR230W,-0.08950323436203697
YLR184W,YGR187C,0.24304957557113513
YLR184W,YGR188C,-0.17209853546833914
YLR184W,YGR189C,-0.16282214781212115
YLR184W,YGR190C,0.17118032894324572
YLR184W,YGR191W,0.0981917281841473
YLR184W,YGR192C,0.3346294660848934
YLR184W,YGR193C,0.09468215150129673
YLR184W,YGR194C,-0.044181834186184016
YLR184W,YGR195W,0.229837199026093
YLR184W,YGR196C,0.1261751037522489
YLR184W,YGR197C,0.14097253261522608
YLR184W,YGR198W,0.05845964731109896
YLR184W,YGR199W,0.0414148163538028
YLR184W,YGR200C,0.22365368118875756
YLR184W,YGR201C,0.1541657266961672
YLR184W,YGR202C,0.14057594106891497
YLR184W,YGR203W,0.12419407009861216
YLR184W,YGR204W,0.1074012364064231
YLR184W,YGR205W,-0.03657415662693571
YLR184W,YGR206W,0.04054447164313237
YLR184W,YGR207C,0.02062499196917137
YLR184W,YGR208W,0.012063194181973809
YLR184W,YGR164W,0.13463263081154975
YLR184W,YGR165W,-0.06421197997713379
YLR184W,YGR166W,0.12756613299136732
YLR184W,YGR167W,0.029706071796688487
YLR184W,YGR168C,0.15714122519530263
YLR184W,YGR169C,0.05279341802789893
YLR184W,YGR170W,0.005866611472811973
YLR184W,YGR171C,-0.06668116324930164
YLR184W,YGR172C,0.0634055608832267
YLR184W,YGR173W,0.18247914846953803
YLR184W,YGR174C,-0.012778092561646682
YLR184W,YGR175C,0.12212351503058066
YLR184W,YGR176W,0.3841025499510238
YLR184W,YGR177C,0.1568952278952017
YLR184W,YGR178C,0.14217376714463695
YLR184W,YGR179C,-0.09586739863093682
YLR184W,YGR180C,0.18730800495848665
YLR184W,YGR181W,0.016301007642140975
YLR184W,YGR182C,-0.051051963143244006
YLR184W,YGR183C,-0.03847307124948079
YLR184W,YGR184C,0.16884559778601957
YLR184W,YGR185C,0.18737836544141956
YLR184W,YGR186W,0.05910457081526472
YLR184W,YGR142W,0.1135968571014775
YLR184W,YGR143W,0.1978278044177405
YLR184W,YGR144W,0.21989300512627177
YLR184W,YGR145W,0.03146594357684417
YLR184W,YGR146C,0.15319319212155447
YLR184W,YGR147C,-0.04773676572004923
YLR184W,YGR148C,0.2195587237237918
YLR184W,YGR149W,0.06871698089729268
YLR184W,YGR150C,-0.1812094007394182
YLR184W,YGR151C,-0.13007964437262354
YLR184W,YGR152C,-0.04278702064728852
YLR184W,YGR153W,-0.12664046641034696
YLR184W,YGR154C,0.10828046696515078
YLR184W,YGR155W,0.22176571388502148
YLR184W,YGR156W,0.2879120619264503
YLR184W,YGR157W,0.14590331871657955
YLR184W,YGR158C,0.21123919779709213
YLR184W,YGR159C,0.13732278559432434
YLR184W,YGR160W,0.2644053287868531
YLR184W,YGR161C,0.296165774890359
YLR184W,YGR162W,0.16150101323070334
YLR184W,YGR163W,-0.018627440091902623
YLR184W,YGR120C,0.008267833444106715
YLR184W,YGR121C,0.23534571546250774
YLR184W,YGR122W,0.015242806381937143
YLR184W,YGR123C,0.17838797998767106
YLR184W,YGR124W,0.19363456469412607
YLR184W,YGR125W,0.20067434198305814
YLR184W,YGR126W,0.39901831965701184
YLR184W,YGR127W,0.04949861118739965
YLR184W,YGR128C,0.1888105595922849
YLR184W,YGR129W,0.18953608910396555
YLR184W,YGR130C,0.003166033251394948
YLR184W,YGR131W,0.02447683079727276
YLR184W,YGR132C,-0.08870085058669255
YLR184W,YGR133W,0.2025517074050415
YLR184W,YGR134W,0.31311661113756584
YLR184W,YGR135W,-0.003293450518909119
YLR184W,YGR136W,0.25514131803879014
YLR184W,YGR137W,-0.13283174361490666
YLR184W,YGR138C,0.04164837466856152
YLR184W,YGR139W,0.05830996901656764
YLR184W,YGR140W,-0.11171580085495827
YLR184W,YGR141W,0.16774023158436313
YLR184W,YGR098C,-0.013422847014993586
YLR184W,YGR099W,-0.05601349449378732
YLR184W,YGR100W,0.19979459468331617
YLR184W,YGR101W,0.07747535880886831
YLR184W,YGR102C,0.12180368541123966
YLR184W,YGR103W,0.20806518381403577
YLR184W,YGR104C,0.21573697230576225
YLR184W,YGR105W,-0.006157092899539122
YLR184W,YGR106C,0.0710428658498139
YLR184W,YGR107W,0.015186897612874267
YLR184W,YGR108W,-0.07497874147931473
YLR184W,YGR109C,-0.1618495842388974
YLR184W,YGR110W,0.1432892278350003
YLR184W,YGR111W,-0.21708632940532943
YLR184W,YGR112W,-0.04024675982542853
YLR184W,YGR113W,-0.18626262115230718
YLR184W,YGR114C,0.15842333721593801
YLR184W,YGR115C,0.04413290249812293
YLR184W,YGR116W,-0.15610736225661084
YLR184W,YGR117C,-0.06497436172325191
YLR184W,YGR118W,0.16977765370286066
YLR184W,YGR119C,0.10401481191828657
YLR184W,YGR075C,0.1544642820487458
YLR184W,YGR076C,-0.05807769999623641
YLR184W,YGR077C,0.04167163341359564
YLR184W,YGR078C,0.01325255098659546
YLR184W,YGR079W,-0.011128091432958717
YLR184W,YGR080W,0.09424403250473821
YLR184W,YGR081C,0.07438652402553535
YLR184W,YGR082W,-0.06417299658666811
YLR184W,YGR083C,0.10647324479639156
YLR184W,YGR084C,-0.23025174484417368
YLR184W,YGR085C,0.19940304227798805
YLR184W,YGR086C,0.04681958122892749
YLR184W,YGR087C,0.10429066211565362
YLR184W,YGR088W,0.13637845045528035
YLR184W,YGR089W,0.06494739688122733
YLR184W,YGR090W,0.1768627231211501
YLR184W,YGR091W,0.3105621931748557
YLR184W,YGR092W,0.1705063781440325
YLR184W,YGR093W,0.23173929135085486
YLR184W,YGR094W,0.17233236132161808
YLR184W,YGR095C,0.16298230408079784
YLR184W,YGR096W,0.1609973250940415
YLR184W,YGR097W,0.28332530056724475
YLR184W,YGR053C,0.03583442259434229
YLR184W,YGR054W,0.14908555851431793
YLR184W,YGR055W,0.05690854627338758
YLR184W,YGR056W,0.18566286705812554
YLR184W,YGR057C,0.3256230136298479
YLR184W,YGR058W,0.1884765489042203
YLR184W,YGR059W,0.220141209124069
YLR184W,YGR060W,0.32901247309177084
YLR184W,YGR061C,0.1847758220591803
YLR184W,YGR062C,-0.00976506961364987
YLR184W,YGR063C,0.07779137232794395
YLR184W,YGR064W,0.2847270104168302
YLR184W,YGR065C,0.16361240224920387
YLR184W,YGR066C,0.26472668592011733
YLR184W,YGR067C,0.11683179888379897
YLR184W,YGR068C,0.09630130503398981
YLR184W,YGR069W,0.030365530709718258
YLR184W,YGR070W,0.04316091799318891
YLR184W,YGR071C,-0.021629191854079192
YLR184W,YGR072W,0.14343249682518888
YLR184W,YGR073C,0.12635708177239122
YLR184W,YGR074W,0.07985858351830492
YLR184W,YGR028W,-0.010992563029357779
YLR184W,YGR030C,0.1130552028263393
YLR184W,YGR031W,0.15280942289754523
YLR184W,YGR032W,0.1490492412448468
YLR184W,YGR033C,0.1975472101820749
YLR184W,YGR035C,0.20449593114796744
YLR184W,YGR036C,-0.193604890147685
YLR184W,YGR037C,-0.0041366156317227155
YLR184W,YGR038W,0.16110539730139978
YLR184W,YGR039W,-0.04970315117391841
YLR184W,YGR040W,-0.10133633114256418
YLR184W,YGR041W,-0.15476267230662508
YLR184W,YGR042W,-0.035492727897249436
YLR184W,YGR043C,0.10624149743475338
YLR184W,YGR044C,0.12270926220251877
YLR184W,YGR045C,0.01223282739293687
YLR184W,YGR046W,-0.2190721200147475
YLR184W,YGR047C,0.0306277314755531
YLR184W,YGR048W,0.05120056339688123
YLR184W,YGR049W,0.13854666540361169
YLR184W,YGR050C,0.10924102451049891
YLR184W,YGR051C,0.14620465622548337
YLR184W,YGR052W,0.12376229903747298
YLR184W,YGR007W,0.055360369317954274
YLR184W,YGR008C,-0.053024237861305334
YLR184W,YGR009C,-0.06388167020617254
YLR184W,YGR010W,0.13308524551197146
YLR184W,YGR011W,0.02534579758598605
YLR184W,YGR012W,-0.17055740220878196
YLR184W,YGR013W,0.15139928099768918
YLR184W,YGR014W,-0.16548774484032894
YLR184W,YGR015C,-0.062093807120114114
YLR184W,YGR016W,0.1968254114335796
YLR184W,YGR017W,0.06626804403480331
YLR184W,YGR018C,0.34190472610803757
YLR184W,YGR019W,0.08899817340976124
YLR184W,YGR020C,0.09977808153962263
YLR184W,YGR021W,-0.13114662255164208
YLR184W,YGR022C,0.22391261331668916
YLR184W,YGR023W,0.28199312595915094
YLR184W,YGR024C,0.3444299402846898
YLR184W,YGR025W,0.18904607729750378
YLR184W,YGR026W,0.10528380237229841
YLR184W,YGR027C,0.2072869999302998
YLR184W,YGL015C,0.41776035919107285
YLR184W,YGL014W,0.194728275539004
YLR184W,YGL013C,0.23935674928584824
YLR184W,YGL012W,-0.0647763147251101
YLR184W,YGL011C,0.057153400538831736
YLR184W,YGL010W,0.21872669023320782
YLR184W,YGL009C,0.07651257503935362
YLR184W,YGL008C,0.2248062206361287
YLR184W,YGL007W,0.1830818996759634
YLR184W,YGL006W,0.19207981606560562
YLR184W,YGL005C,0.03587833792899114
YLR184W,YGL004C,0.1515468808496055
YLR184W,YGL003C,0.154201154090854
YLR184W,YGL002W,0.1575819552638031
YLR184W,YGL001C,0.0016643113634077764
YLR184W,YGR001C,0.21806149586971063
YLR184W,YGR002C,0.15019337574684674
YLR184W,YGR003W,0.35705611198647697
YLR184W,YGR004W,0.2558669516400966
YLR184W,YGR005C,0.20647070835982864
YLR184W,YGR006W,0.23768845381137954
YLR184W,YGL038C,-0.10597430988772893
YLR184W,YGL037C,0.17197273956490222
YLR184W,YGL036W,0.1415730793915646
YLR184W,YGL035C,0.20870463742429346
YLR184W,YGL034C,0.29085895710354454
YLR184W,YGL033W,0.036425156624701686
YLR184W,YGL032C,0.13105102132588878
YLR184W,YGL031C,0.1562562402519803
YLR184W,YGL030W,0.17938024375122869
YLR184W,YGL029W,0.1315881419048356
YLR184W,YGL028C,-0.02837048044043815
YLR184W,YGL027C,-0.12119379369607121
YLR184W,YGL026C,0.2757939066811372
YLR184W,YGL025C,0.010495071091315028
YLR184W,YGL024W,0.257835469750759
YLR184W,YGL023C,0.3064517640713424
YLR184W,YGL022W,-0.05157377579724791
YLR184W,YGL021W,-0.12349845996277538
YLR184W,YGL020C,0.013417511248622598
YLR184W,YGL019W,0.08110432975348952
YLR184W,YGL018C,-0.19704969574374928
YLR184W,YGL017W,0.12918749988121742
YLR184W,YGL016W,0.3118241311250376
YLR184W,YGL060W,0.007048220742290165
YLR184W,YGL059W,-0.017623766011701895
YLR184W,YGL058W,0.08549635189210422
YLR184W,YGL057C,-0.051335013463565865
YLR184W,YGL056C,0.12498721640390455
YLR184W,YGL055W,-0.022976653731270023
YLR184W,YGL054C,-0.03384871103870124
YLR184W,YGL053W,0.06504917554137206
YLR184W,YGL052W,0.1298074986841478
YLR184W,YGL051W,0.27780541621278143
YLR184W,YGL050W,0.17926022103193492
YLR184W,YGL049C,-0.01761490711407368
YLR184W,YGL048C,0.16519558055266245
YLR184W,YGL047W,0.07538506484048053
YLR184W,YGL046W,0.2823741993162791
YLR184W,YGL045W,0.2559252309480522
YLR184W,YGL044C,0.16658886362989828
YLR184W,YGL043W,0.281926312524279
YLR184W,YGL042C,0.3914987633915687
YLR184W,YGL041C,0.22860691824353097
YLR184W,YGL040C,0.08890692800806875
YLR184W,YGL039W,0.0420737835089508
YLR184W,YGL082W,0.07580172819496439
YLR184W,YGL081W,0.2269766285319636
YLR184W,YGL080W,0.06873160397123718
YLR184W,YGL079W,0.07435806541785578
YLR184W,YGL078C,0.14765804998278342
YLR184W,YGL077C,0.036799904386973475
YLR184W,YGL076C,0.17205763137498412
YLR184W,YGL075C,0.28685424874520166
YLR184W,YGL074C,0.2921375418484537
YLR184W,YGL073W,0.2239619679886087
YLR184W,YGL072C,0.20222706925595538
YLR184W,YGL071W,0.10414541696010726
YLR184W,YGL070C,0.07506894921967613
YLR184W,YGL069C,-0.0759583660008632
YLR184W,YGL068W,-0.07832907891043857
YLR184W,YGL067W,0.08231411522215794
YLR184W,YGL066W,0.07555580550606401
YLR184W,YGL065C,0.03283694180833794
YLR184W,YGL064C,0.03048988362684203
YLR184W,YGL063W,0.2866861590865442
YLR184W,YGL062W,-4.0739745794412125e-05
YLR184W,YGL061C,-0.08785520849299858
YLR184W,YGL105W,0.2643525262977149
YLR184W,YGL104C,0.1241357202434772
YLR184W,YGL103W,0.1590794485240587
YLR184W,YGL102C,0.17320691697680243
YLR184W,YGL101W,-0.10239852130857813
YLR184W,YGL100W,0.09879879659059483
YLR184W,YGL099W,0.23059299016989895
YLR184W,YGL098W,0.23639220458067375
YLR184W,YGL097W,0.06625999755643389
YLR184W,YGL096W,0.14645479285375743
YLR184W,YGL095C,0.1261595233373196
YLR184W,YGL094C,0.016311902443581817
YLR184W,YGL093W,-0.03680750450462318
YLR184W,YGL092W,0.020521046187195875
YLR184W,YGL091C,0.194623693209418
YLR184W,YGL090W,0.10928388603239056
YLR184W,YGL089C,-0.10161938335426444
YLR184W,YGL088W,-0.03981425655463984
YLR184W,YGL087C,0.12171014949326346
YLR184W,YGL086W,-0.16063154543339256
YLR184W,YGL085W,0.019099115615669602
YLR184W,YGL084C,0.019454622836952578
YLR184W,YGL083W,0.04886385963762188
YLR184W,YGL127C,-0.05482126239705852
YLR184W,YGL126W,-0.028416157009828504
YLR184W,YGL125W,0.08036550945402325
YLR184W,YGL124C,0.10403805648901084
YLR184W,YGL123W,0.17939406497082058
YLR184W,YGL122C,0.1137250305236974
YLR184W,YGL121C,0.128175300058996
YLR184W,YGL120C,0.00564718207688434
YLR184W,YGL119W,-0.0990168503729424
YLR184W,YGL118C,0.2863675609040364
YLR184W,YGL117W,0.06804906661457692
YLR184W,YGL116W,0.015838532255858143
YLR184W,YGL115W,-0.05408209341649261
YLR184W,YGL114W,0.20413624864669278
YLR184W,YGL113W,0.004499328627110945
YLR184W,YGL112C,0.10941925438080605
YLR184W,YGL111W,0.1791890382888698
YLR184W,YGL110C,0.03987100511145955
YLR184W,YGL109W,0.050061246820441656
YLR184W,YGL108C,0.10982745207314479
YLR184W,YGL107C,0.02671560777869841
YLR184W,YGL106W,0.12260027314544888
YLR184W,YGL153W,0.18782462256227478
YLR184W,YGL151W,-0.0647187745442577
YLR184W,YGL150C,0.26362529374022997
YLR184W,YGL149W,0.4181419770494363
YLR184W,YGL148W,0.27130158898684825
YLR184W,YGL147C,0.040622499074633146
YLR184W,YGL146C,0.21647753755545854
YLR184W,YGL145W,0.025565554392290527
YLR184W,YGL144C,0.12854038579718283
YLR184W,YGL143C,-0.10522352068115667
YLR184W,YGL142C,0.2449520803043866
YLR184W,YGL141W,0.32147553667124285
YLR184W,YGL140C,0.33012959105177697
YLR184W,YGL139W,0.19522433545223591
YLR184W,YGL138C,0.11031027988916613
YLR184W,YGL137W,0.08641933724526159
YLR184W,YGL136C,0.1127778854696217
YLR184W,YGL134W,0.1337013247210664
YLR184W,YGL133W,0.0995437280977604
YLR184W,YGL132W,0.08847881849193157
YLR184W,YGL131C,0.2437525165340715
YLR184W,YGL130W,0.1158547899376346
YLR184W,YGL129C,-0.14657406723021216
YLR184W,YGL128C,0.24384740695370197
YLR184W,YGL174W,0.2136186766483568
YLR184W,YGL173C,0.1729594787973756
YLR184W,YGL172W,0.2347368878613276
YLR184W,YGL171W,0.1858604000056006
YLR184W,YGL170C,-0.08059928222540604
YLR184W,YGL169W,0.18066980281560618
YLR184W,YGL168W,0.27131258063063934
YLR184W,YGL167C,0.11238514858080109
YLR184W,YGL166W,0.1945112984297632
YLR184W,YGL165C,0.3640348575975612
YLR184W,YGL164C,0.13592740306394183
YLR184W,YGL163C,-0.028360339591969024
YLR184W,YGL162W,0.3264859529999787
YLR184W,YGL161C,0.14075957872982534
YLR184W,YGL160W,-0.13692665004622845
YLR184W,YGL159W,0.07567324548549619
YLR184W,YGL158W,0.05066322539185125
YLR184W,YGL157W,0.2702590723494441
YLR184W,YGL156W,0.06255361260674544
YLR184W,YGL155W,-0.04804746429892678
YLR184W,YGL154C,0.04038626939128285
YLR184W,YGL152C,0.19344723154139537
YLR184W,YGL196W,0.18243978450372805
YLR184W,YGL195W,0.11577295779268057
YLR184W,YGL194C,0.12233237875101365
YLR184W,YGL193C,0.29967507848279157
YLR184W,YGL192W,0.07825427934558586
YLR184W,YGL191W,0.041820773097471134
YLR184W,YGL190C,-0.003997295172248358
YLR184W,YGL189C,0.3714727625075578
YLR184W,YGL188C,-0.11078430333133202
YLR184W,YGL187C,0.0014863490945789396
YLR184W,YGL186C,0.17463996324158776
YLR184W,YGL185C,0.14572580385159545
YLR184W,YGL184C,0.2121657032342401
YLR184W,YGL183C,0.2350013080368139
YLR184W,YGL182C,0.2695341518391263
YLR184W,YGL181W,0.20177814976432312
YLR184W,YGL180W,0.23041863384361772
YLR184W,YGL179C,0.06260069161735063
YLR184W,YGL177W,0.1086711884689322
YLR184W,YGL178W,0.13280073667503342
YLR184W,YGL176C,0.2588136867207161
YLR184W,YGL175C,0.12781515013112615
YLR184W,YGL219C,0.0735208170562427
YLR184W,YGL218W,0.20691954132870208
YLR184W,YGL217C,0.1637461583371735
YLR184W,YGL216W,-0.013583794326751582
YLR184W,YGL215W,0.1311906859135982
YLR184W,YGL214W,0.357725584880925
YLR184W,YGL213C,0.2019550326510271
YLR184W,YGL212W,0.20812063004370762
YLR184W,YGL211W,0.2189247535466316
YLR184W,YGL210W,0.11279366191471028
YLR184W,YGL209W,0.13114869028675788
YLR184W,YGL208W,0.1323985485474945
YLR184W,YGL207W,0.08649444379796532
YLR184W,YGL206C,0.03963246111620175
YLR184W,YGL205W,0.07775959009524526
YLR184W,YGL204C,0.09254419674357206
YLR184W,YGL203C,0.011269659266908382
YLR184W,YGL202W,0.25803859871394985
YLR184W,YGL201C,0.1659338988021532
YLR184W,YGL200C,-0.11393280878975086
YLR184W,YGL199C,0.13974931654654627
YLR184W,YGL198W,0.08565803538274148
YLR184W,YGL197W,0.09013119438657631
YLR184W,YGL239C,0.37043904661106136
YLR184W,YGL238W,0.20787659002332054
YLR184W,YGL237C,-0.042467035838596345
YLR184W,YGL236C,0.008022468317407645
YLR184W,YGL235W,-0.16578044564933858
YLR184W,YGL234W,0.18385038828078776
YLR184W,YGL233W,-2.4408296143298066e-05
YLR184W,YGL232W,0.011701957821717316
YLR184W,YGL231C,0.02685028690343552
YLR184W,YGL230C,-0.005899304909998637
YLR184W,YGL229C,-0.04980696038467355
YLR184W,YGL228W,0.30794591308715036
YLR184W,YGL227W,0.022282360857042723
YLR184W,YGL226C-A,-0.07595732949610619
YLR184W,YGL226W,-0.050860030222130106
YLR184W,YGL225W,-0.06313832503924834
YLR184W,YGL224C,0.0351808965055543
YLR184W,YGL223C,-0.10175055501444255
YLR184W,YGL222C,-0.027389730959406434
YLR184W,YGL221C,0.02075892821947953
YLR184W,YGL220W,-0.07240647339892196
YLR184W,YGL261C,0.10555360990779407
YLR184W,YGL259W,0.1507914119526632
YLR184W,YGL258W,0.07573530778566968
YLR184W,YGL257C,0.08976225125648633
YLR184W,YGL256W,0.20154237673297826
YLR184W,YGL255W,0.01128464096969181
YLR184W,YGL254W,0.14023229451663344
YLR184W,YGL253W,-0.01941905298121854
YLR184W,YGL252C,-0.06642039472865781
YLR184W,YGL251C,-0.00955626289270052
YLR184W,YGL250W,0.031257609630458275
YLR184W,YGL249W,0.2973124952157959
YLR184W,YGL248W,0.18545688484714545
YLR184W,YGL247W,0.2883502670629911
YLR184W,YGL246C,0.060958395434015135
YLR184W,YGL245W,0.24698770032704392
YLR184W,YGL244W,0.07265324063378001
YLR184W,YGL243W,0.2048808120810986
YLR184W,YGL242C,-0.04341029753755805
YLR184W,YGL241W,-0.04034240545331286
YLR184W,YGL240W,0.297720988079586
YLR184W,YGL263W,0.36435448637573903
YLR184W,YGL262W,0.061226827102728185
YLR184W,YFR045W,0.08911940037658941
YLR184W,YFR046C,0.0184802363873937
YLR184W,YFR047C,0.14988233867167106
YLR184W,YFR048W,0.1659902833344821
YLR184W,YFR049W,-0.061231501250616945
YLR184W,YFR050C,0.08958130550933963
YLR184W,YFR051C,0.009959719236773548
YLR184W,YFR052W,0.012102345171378856
YLR184W,YFR053C,-0.06162622844085872
YLR184W,YFR054C,0.017476328939072253
YLR184W,YFR056C,0.15700651387014816
YLR184W,YFR055W,0.1457970043681377
YLR184W,YFR057W,0.01160229805490883
YLR184W,YFL043C,0.1847776044215024
YLR184W,YFL035C,-0.024124793738448294
YLR184W,YFL021c-a,0.3727970139390478
YLR184W,YFL013w-a,0.19749393425967754
YLR184W,YFR036w-a,0.21169318204861326
YLR184W,YFL042C,0.03592423397354667
YLR184W,YFL031W,0.09904405037024464
YLR184W,YFR025C,0.09122790092820907
YLR184W,YFR026C,-0.18102282292053992
YLR184W,YFR027W,0.06900016359586346
YLR184W,YFR028C,-0.014880436589801987
YLR184W,YFR029W,0.27309947624689035
YLR184W,YFR030W,0.08697242318850346
YLR184W,YFR031C,-0.15600101498922994
YLR184W,YFR031C-A,0.26941942308679423
YLR184W,YFR032C,-0.007824193721324235
YLR184W,YFR032C-A,0.1279560187070598
YLR184W,YFR033C,-0.09912515936984513
YLR184W,YFR034C,0.06828135908043599
YLR184W,YFR035C,0.1989555896593906
YLR184W,YFR036W,0.15019577935467499
YLR184W,YFR037C,0.10741449611756242
YLR184W,YFR038W,0.03471810397960733
YLR184W,YFR039C,0.13558096929739163
YLR184W,YFR040W,-0.013884145776488565
YLR184W,YFR041C,-0.11565349544626792
YLR184W,YFR042W,-0.043989968033120365
YLR184W,YFR043C,0.12252420205512558
YLR184W,YFR044C,0.09414265611388559
YLR184W,YFR002W,0.12292938462065803
YLR184W,YFR003C,0.05560313602982107
YLR184W,YFR004W,0.02437136478377888
YLR184W,YFR005C,0.08321722489467168
YLR184W,YFR006W,0.06829615601886985
YLR184W,YFR007W,0.06227781891214574
YLR184W,YFR008W,0.15254689265602578
YLR184W,YFR009W,0.13574918460468893
YLR184W,YFR010W,0.23776411377464135
YLR184W,YFR011C,-0.09886397132710782
YLR184W,YFR012W,0.2675411808839849
YLR184W,YFR013W,0.07414271126683115
YLR184W,YFR014C,0.09529341693329704
YLR184W,YFR015C,0.08730403811790273
YLR184W,YFR016C,0.09291454509191306
YLR184W,YFR017C,0.05621939369774741
YLR184W,YFR018C,0.28551162165422306
YLR184W,YFR019W,-0.03087135221095539
YLR184W,YFR020W,0.009015904404254895
YLR184W,YFR021W,0.14082618398129718
YLR184W,YFR022W,0.2971927686672311
YLR184W,YFR023W,0.3284553606433304
YLR184W,YFR024C-A,0.032967544381338906
YLR184W,YFL018C,0.16393036669469796
YLR184W,YFL017W-A,0.4106397700414013
YLR184W,YFL017C,0.034210613549179474
YLR184W,YFL016C,0.09794970736674845
YLR184W,YFL015C,-0.08832667465965963
YLR184W,YFL014W,0.0973570328986939
YLR184W,YFL013C,0.07732107818820003
YLR184W,YFL012W,0.12566039838480664
YLR184W,YFL011W,0.2611370899859527
YLR184W,YFL011W-A,0.3964386391578036
YLR184W,YFL010C,0.17643279058075836
YLR184W,YFL009W,0.05470567483561311
YLR184W,YFL008W,-0.14254770872118078
YLR184W,YFL007W,0.2701902320723766
YLR184W,YFL006W,0.24821471582787297
YLR184W,YFL005W,0.08324121491589431
YLR184W,YFL004W,0.06790768886783617
YLR184W,YFL003C,-0.13816598641900044
YLR184W,YFL002C,0.19380227710875939
YLR184W,YFL001W,0.10815387044190676
YLR184W,YFR001W,0.14303802229439502
YLR184W,YFL044C,0.21723841685931797
YLR184W,YFL041W,0.05044476029136196
YLR184W,YFL040W,0.20508605084211592
YLR184W,YFL039C,0.25630351406259066
YLR184W,YFL038C,0.1645080045717183
YLR184W,YFL037W,-0.07193004232423839
YLR184W,YFL036W,0.04550066162436481
YLR184W,YFL034C-A,0.059313757574962093
YLR184W,YFL034W,0.11285156788028174
YLR184W,YFL033C,0.14634015307608708
YLR184W,YFL032W,0.3467819674189328
YLR184W,YFL030W,0.03492563144556091
YLR184W,YFL029C,0.0496010810659193
YLR184W,YFL028C,-0.04445326607091024
YLR184W,YFL027C,0.07230205568982447
YLR184W,YFL026W,0.5107898739851565
YLR184W,YFL025C,0.1093603963640928
YLR184W,YFL024C,-0.040188202409579404
YLR184W,YFL023W,0.10754107654898167
YLR184W,YFL022C,0.05856306517837354
YLR184W,YFL021W,0.20279994308652596
YLR184W,YFL020C,0.2311578465843347
YLR184W,YFL019C,0.2708347517374125
YLR184W,SNR53,0.19974123542655156
YLR184W,RPR1,-0.010907645282337432
YLR184W,CEN5,0.034315486153256455
YLR184W,SNR14,0.02469650267123419
YLR184W,SNR4,0.16883284661189912
YLR184W,SNR52,0.03124317039060972
YLR184W,SCR1,0.1670417972877267
YLR184W,YFL068W,0.2971643369148155
YLR184W,YFL067W,0.1402043930342545
YLR184W,YFL057C,0.30099818000670103
YLR184W,YFL056C,0.0486809221961248
YLR184W,YFL055W,0.2465494801432957
YLR184W,YFL054C,0.33733801496480753
YLR184W,YFL053W,0.13088509254661104
YLR184W,YFL052W,0.3119232879515096
YLR184W,YFL051C,0.31963192369874655
YLR184W,YFL050C,0.3636534257386776
YLR184W,YFL049W,0.10629174500828029
YLR184W,YFL048C,0.0046999364586383565
YLR184W,YFL047W,0.1830778553880515
YLR184W,YFL046W,-0.08065949453009535
YLR184W,YFL045C,0.05538633324416336
YLR184W,SNR67,-0.009112995766092034
YLR184W,YER014c-a,0.21581293706248025
YLR184W,YER038w-a,0.0534392122338538
YLR184W,YER046w-a,0.1344560052324948
YLR184W,YER067c-a,0.05808321666441298
YLR184W,YER068c-a,0.3101436751708251
YLR184W,YER145c-a,0.1246181706701526
YLR184W,YER148w-a,0.15974865447733555
YLR184W,YER165c-a,0.35796666440950675
YLR184W,YER172c-a,0.4061384734014866
YLR184W,YEL012W,0.16572959176174454
YLR184W,NC_001137,0.2976878124695455
YLR184W,YER172C,0.19858670465063302
YLR184W,YER173W,0.24309472643044577
YLR184W,YER174C,0.13146042987021736
YLR184W,YER175C,0.12137379212339526
YLR184W,YER176W,0.12401257788065613
YLR184W,YER177W,0.09387178176754564
YLR184W,YER178W,0.0362466078481134
YLR184W,YER179W,0.04961497531883007
YLR184W,YER180C,0.34458094974918924
YLR184W,YER181C,0.298190962640529
YLR184W,YER182W,-0.08218454086305872
YLR184W,YER183C,0.07477272659148841
YLR184W,YER184C,0.21990080156510267
YLR184W,YER185W,0.19247610741567553
YLR184W,YER186C,0.2246212775373275
YLR184W,YER187W,0.38824322498617275
YLR184W,YER188W,0.3428249363222636
YLR184W,YEL020W-A,-0.10810639912955228
YLR184W,YER039C-A,0.21125639955391345
YLR184W,YER091C-A,0.05537841931126695
YLR184W,YER006c-a,0.06976554600641645
YLR184W,YER148W,0.2261001273926623
YLR184W,YER149C,0.020021610324886648
YLR184W,YER150W,0.06604409240943267
YLR184W,YER151C,0.019161757480703374
YLR184W,YER152C,0.29321588445661123
YLR184W,YER153C,0.2555753075257281
YLR184W,YER154W,0.20869311452524006
YLR184W,YER155C,0.30875489040475596
YLR184W,YER156C,0.20790279588939226
YLR184W,YER157W,0.02862880723341728
YLR184W,YER158C,0.0839666159847553
YLR184W,YER159C,0.06045939215879109
YLR184W,YER161C,0.12150207080700007
YLR184W,YER162C,0.24908194256888594
YLR184W,YER163C,0.004433653521463265
YLR184W,YER164W,0.2157601483529719
YLR184W,YER165W,0.32351892074455857
YLR184W,YER166W,0.2164260755976174
YLR184W,YER167W,0.25431816823998243
YLR184W,YER168C,0.11170758002269383
YLR184W,YER169W,0.06596818470503005
YLR184W,YER170W,-0.02276513973690745
YLR184W,YER171W,0.34749430574500284
YLR184W,YER125W,0.09254912778146508
YLR184W,YER126C,0.15669446277037682
YLR184W,YER127W,0.17381963620695298
YLR184W,YER128W,0.14356941456800681
YLR184W,YER129W,0.2539619856267532
YLR184W,YER130C,0.1811207292529113
YLR184W,YER131W,0.1015012589552137
YLR184W,YER132C,0.3863322583799532
YLR184W,YER133W,0.07429684848242775
YLR184W,YER134C,0.06562965862923761
YLR184W,YER135C,0.20429538982866394
YLR184W,YER136W,0.2177910398173543
YLR184W,YER137C,0.20123969912990344
YLR184W,YER139C,0.0844474361808009
YLR184W,YER140W,0.2861057661055475
YLR184W,YER141W,0.057678656020250185
YLR184W,YER142C,0.07033817705990841
YLR184W,YER143W,0.13095298306240283
YLR184W,YER144C,0.13034354207054485
YLR184W,YER145C,0.062025742689218885
YLR184W,YER146W,0.08595031868235618
YLR184W,YER147C,0.20262255996841824
YLR184W,YER103W,0.25484940214004204
YLR184W,YER104W,0.09031732254745717
YLR184W,YER105C,0.41832569429899313
YLR184W,YER106W,0.13858267031128926
YLR184W,YER107C,0.1211580770680007
YLR184W,YER108C,-0.10703304804014412
YLR184W,YER109C,0.18093171245493442
YLR184W,YER110C,0.16905631684671904
YLR184W,YER111C,-0.13558489912854893
YLR184W,YER112W,-0.007962738260482726
YLR184W,YER113C,0.009960994477871053
YLR184W,YER114C,0.1425398126659264
YLR184W,YER115C,0.3181303721844293
YLR184W,YER116C,0.30388019328633054
YLR184W,YER118C,0.01798450408819632
YLR184W,YER119C,0.11802883067796453
YLR184W,YER119C-A,0.07834362892951331
YLR184W,YER120W,0.43367646482114103
YLR184W,YER121W,0.13981921117163926
YLR184W,YER122C,0.10164662227487271
YLR184W,YER123W,0.1326985926805596
YLR184W,YER124C,0.043181955668258186
YLR184W,YER082C,0.09944026368031293
YLR184W,YER083C,0.30470164816037704
YLR184W,YER084W,0.2702665038576964
YLR184W,YER085C,-0.0018480908020249351
YLR184W,YER086W,0.19296490755930792
YLR184W,YER087W,-0.018355278805483086
YLR184W,YER087C-A,0.013684797755634645
YLR184W,YER088C,0.44421635286417294
YLR184W,YER089C,0.39641827066708984
YLR184W,YER090W,0.4103387903237858
YLR184W,YER091C,0.13840489310094267
YLR184W,YER092W,0.08324893296265555
YLR184W,YER093C,0.2204327180248254
YLR184W,YER093C-A,-0.05375670458857085
YLR184W,YER094C,0.14982859205873972
YLR184W,YER095W,0.08707969106227459
YLR184W,YER096W,0.21309802273793285
YLR184W,YER097W,0.09724932599172975
YLR184W,YER098W,0.027986383409191903
YLR184W,YER099C,0.318013915665795
YLR184W,YER100W,0.17933307038667778
YLR184W,YER101C,0.0684542699568849
YLR184W,YER062C,0.032736839513822315
YLR184W,YER063W,0.06618132727132259
YLR184W,YER064C,0.23431789482477675
YLR184W,YER065C,0.11358684043592854
YLR184W,YER066W,0.3133601114173001
YLR184W,YER066C-A,0.06236844113778802
YLR184W,YER067W,-0.08435249446763522
YLR184W,YER068W,0.1384322904437071
YLR184W,YER069W,0.2813901640112672
YLR184W,YER070W,-0.15052828612055316
YLR184W,YER071C,0.008042698207299439
YLR184W,YER072W,0.1640096408141986
YLR184W,YER073W,0.10960415725387042
YLR184W,YER074W,0.16064510957010822
YLR184W,YER075C,0.18491572486315297
YLR184W,YER076C,0.31430859331551575
YLR184W,YER077C,-0.07481203507898203
YLR184W,YER078C,-0.0002428379530885415
YLR184W,YER079W,0.13966938357020248
YLR184W,YER080W,0.026078370646061253
YLR184W,YER081W,-0.1607179890257001
YLR184W,YER045C,0.02728495791158267
YLR184W,YER046W,0.09548613968996553
YLR184W,YER047C,0.2397743512524107
YLR184W,YER048C,-0.02937691576156279
YLR184W,YER048W-A,-0.19787893677506302
YLR184W,YER049W,0.12097911009590365
YLR184W,YER050C,-0.07770434953561546
YLR184W,YER051W,0.06133719144794058
YLR184W,YER052C,0.007486982204469128
YLR184W,YER053C,0.09694887614705112
YLR184W,YER054C,0.008167554596929737
YLR184W,YER055C,0.1812525003292863
YLR184W,YER056C,0.16496403804306894
YLR184W,YER056C-A,0.23701408100224505
YLR184W,YER057C,0.2044747470173589
YLR184W,YER058W,-0.00964082882443192
YLR184W,YER059W,0.2437819416464367
YLR184W,YER060W,0.2753589659421801
YLR184W,YER060w-A,0.2536903198253976
YLR184W,YER061C,0.09227534086491931
YLR184W,YER023W,0.17384424382616986
YLR184W,YER024W,0.0460543103190763
YLR184W,YER025W,0.16461488941339322
YLR184W,YER026C,0.08839380589188427
YLR184W,YER027C,0.1518140532348815
YLR184W,YER028C,0.24797346019778366
YLR184W,YER029C,0.144980176965365
YLR184W,YER030W,0.0422172848875864
YLR184W,YER031C,0.40781242917802435
YLR184W,YER032W,0.09584479025341053
YLR184W,YER033C,0.41733698775170125
YLR184W,YER034W,0.3863988690544491
YLR184W,YER035W,0.2781441629333188
YLR184W,YER036C,0.2511494341448774
YLR184W,YER037W,0.12903764209067148
YLR184W,YER038C,0.21483522559296522
YLR184W,YER039C,0.24077411157329212
YLR184W,YER040W,0.1632326194610675
YLR184W,YER041W,-0.045037434899452645
YLR184W,YER042W,0.1285884006296985
YLR184W,YER043C,0.11151089109777242
YLR184W,YER044C,0.11057288502268744
YLR184W,YER044C-A,0.26458370237414014
YLR184W,YER002W,0.2009450704580314
YLR184W,YER003C,-0.03542223051529898
YLR184W,YER004W,0.19505448910857087
YLR184W,YER005W,0.1519345387193791
YLR184W,YER006W,0.23163717476119103
YLR184W,YER007W,0.23751978333171492
YLR184W,YER007C-A,0.25156762512662134
YLR184W,YER008C,0.22071814258892353
YLR184W,YER009W,0.1075112343380053
YLR184W,YER010C,0.1577640938932431
YLR184W,YER011W,0.14513036904870127
YLR184W,YER012W,0.022636573974700376
YLR184W,YER013W,0.27021902894780353
YLR184W,YER014W,0.14857134540218198
YLR184W,YER015W,0.09169664778522742
YLR184W,YER016W,-0.1517304038024667
YLR184W,YER017C,0.2248046220128549
YLR184W,YER018C,-0.06159261031013277
YLR184W,YER019W,0.020987303314836017
YLR184W,YER019C-A,0.130933647965396
YLR184W,YER020W,0.21362316309686014
YLR184W,YER021W,-0.12369699811761221
YLR184W,YER022W,0.034882133086007204
YLR184W,YEL021W,0.14377360185842006
YLR184W,YEL020C,0.32406760805529455
YLR184W,YEL019C,0.12921227954805786
YLR184W,YEL018W,0.2616748686968462
YLR184W,YEL017C-A,0.29620177517760826
YLR184W,YEL017W,-0.018212096286854856
YLR184W,YEL016C,-0.006231894159154212
YLR184W,YEL015W,0.09353166414083597
YLR184W,YEL014C,-0.010423187548615959
YLR184W,YEL013W,0.10505144198643708
YLR184W,YEL011W,0.09662666296626966
YLR184W,YEL010W,0.05102052108496604
YLR184W,YEL009C,0.22504272641850345
YLR184W,YEL008W,0.10150093584783897
YLR184W,YEL007W,0.2082675037365106
YLR184W,YEL006W,0.27274753989728495
YLR184W,YEL005C,0.1420898822496694
YLR184W,YEL004W,0.14856517992045915
YLR184W,YEL003W,0.11173674399073392
YLR184W,YEL002C,0.2920454579144444
YLR184W,YEL001C,0.19757634682091343
YLR184W,YER001W,-0.047968911312149275
YLR184W,YEL043W,0.15832673031614128
YLR184W,YEL042W,0.09371015284556886
YLR184W,YEL041W,0.3070892088607491
YLR184W,YEL040W,-0.0434149429925216
YLR184W,YEL039C,0.022893270144199104
YLR184W,YEL038W,0.09243486993604595
YLR184W,YEL037C,0.24937828984918886
YLR184W,YEL036C,0.07966599464202058
YLR184W,YEL035C,0.15231891948324366
YLR184W,YEL034W,0.47786928415800944
YLR184W,YEL033W,0.23467062173392939
YLR184W,YEL032W,0.21825950287090845
YLR184W,YEL031W,0.29001854578603004
YLR184W,YEL030W,0.39370502877272334
YLR184W,YEL029C,0.18440037490260475
YLR184W,YEL028W,0.3433418198217889
YLR184W,YEL027W,0.30966030239109393
YLR184W,YEL026W,0.176795433570326
YLR184W,YEL025C,0.15083453107009098
YLR184W,YEL024W,0.07051653260217935
YLR184W,YEL023C,-0.022340080778277184
YLR184W,YEL022W,0.16271696682876927
YLR184W,YEL065W,0.4123313880132159
YLR184W,YEL064C,0.2794741435289712
YLR184W,YEL063C,0.2970484073651077
YLR184W,YEL062W,0.13118883413850096
YLR184W,YEL061C,-0.23005943844952223
YLR184W,YEL060C,0.18551941236319883
YLR184W,YEL059C-A,0.24336624856441874
YLR184W,YEL059W,0.3552188241093107
YLR184W,YEL058W,0.18330956610045368
YLR184W,YEL057C,0.05300538038855972
YLR184W,YEL056W,0.10644989972354738
YLR184W,YEL055C,0.1522416595956211
YLR184W,YEL054C,0.2744957433299663
YLR184W,YEL053C,0.17136950638566778
YLR184W,YEL052W,0.08014127426504133
YLR184W,YEL051W,0.1111728317708674
YLR184W,YEL050C,-0.03867874507749454
YLR184W,YEL049W,0.24860327403534577
YLR184W,YEL048C,0.23013365366226363
YLR184W,YEL047C,-0.048272370836771536
YLR184W,YEL046C,0.17415446986033567
YLR184W,YEL045C,0.26554686276359846
YLR184W,YEL044W,0.04101766826415401
YLR184W,SNR63,0.09505299837381821
YLR184W,CEN4,0.03531438312828089
YLR184W,SNR47,0.07484817290938933
YLR184W,SNR13,0.08116642418088434
YLR184W,YEL076W-C,-0.16036022551704804
YLR184W,YEL074W,0.18302651588242275
YLR184W,YEL073C,0.01710886340333007
YLR184W,YEL072W,-0.1084458577813309
YLR184W,YEL071W,-0.09230174727817644
YLR184W,YEL068C,-0.03987050173081986
YLR184W,YEL067C,0.2725839806050744
YLR184W,YEL066W,0.4030622284949269
YLR184W,NC_001136,0.13415564809780448
YLR184W,YDR534C,0.3393006168792639
YLR184W,YDR535C,0.3898658550944283
YLR184W,YDR536W,0.21964103120485026
YLR184W,YDR537C,0.45790299674725876
YLR184W,YDR538W,0.5523986518598845
YLR184W,YDR539W,0.37765787111922205
YLR184W,YDR540C,0.24741565557384773
YLR184W,YDR541C,0.08517115958511386
YLR184W,YDR525W-A,0.10347724756767754
YLR184W,YDL184w-a,0.2660011033049178
YLR184W,YDL085c-a,0.05404522937044786
YLR184W,YDR524w-a,0.2583570828181635
YLR184W,YDR524c-a,0.33628315396040587
YLR184W,YDL048C,0.3697776918866241
YLR184W,YDR511W,-0.14033701047997518
YLR184W,YDR512C,0.005906632414285003
YLR184W,YDR513W,0.06766631059571275
YLR184W,YDR514C,-0.017295657041373525
YLR184W,YDR515W,-0.12061266466311207
YLR184W,YDR516C,0.044196696418521565
YLR184W,YDR517W,0.04830698730136836
YLR184W,YDR518W,-0.15095666159865948
YLR184W,YDR519W,0.06248301698034804
YLR184W,YDR520C,0.09118454467453373
YLR184W,YDR521W,0.35945968223268604
YLR184W,YDR522C,0.3286051698817461
YLR184W,YDR523C,0.22917551610847353
YLR184W,YDR524C,0.15693383437842331
YLR184W,YDR525W,0.3218708698674481
YLR184W,YDR526C,0.2150490344916391
YLR184W,YDR527W,-0.010044448737281724
YLR184W,YDR528W,0.12041670163820456
YLR184W,YDR529C,0.02578589252921845
YLR184W,YDR530C,0.15184033779540645
YLR184W,YDR531W,0.14269434260258615
YLR184W,YDR532C,-0.04514837319280747
YLR184W,YDR533C,0.3327477787776851
YLR184W,YDR489W,-0.15381791323740185
YLR184W,YDR490C,-0.008773396799676295
YLR184W,YDR491C,0.10480788504269226
YLR184W,YDR492W,0.05886220921117849
YLR184W,YDR493W,-0.07103291821939453
YLR184W,YDR494W,-0.048500855392808656
YLR184W,YDR495C,0.07832129189042794
YLR184W,YDR496C,0.12941322512873962
YLR184W,YDR497C,0.08995692226179641
YLR184W,YDR498C,0.2517178742819949
YLR184W,YDR499W,0.13769818133489645
YLR184W,YDR500C,0.1888496245319325
YLR184W,YDR501W,-0.1231384645069143
YLR184W,YDR502C,0.07115424743956665
YLR184W,YDR503C,-0.040516838078487404
YLR184W,YDR504C,0.1871822290374265
YLR184W,YDR505C,0.056552556369457004
YLR184W,YDR506C,0.28733096976238703
YLR184W,YDR507C,-0.16095472166598143
YLR184W,YDR508C,0.21497570824654658
YLR184W,YDR509W,0.22059107905264053
YLR184W,YDR510W,-0.009493427334925551
YLR184W,YDR466W,0.183362579487712
YLR184W,YDR467C,0.3056883442174214
YLR184W,YDR468C,0.08479031919409659
YLR184W,YDR469W,-0.006219158602155676
YLR184W,YDR470C,-0.08169941703208658
YLR184W,YDR471W,0.19400127838290013
YLR184W,YDR472W,0.1797535795151859
YLR184W,YDR473C,0.3319682602274258
YLR184W,YDR474C,0.2775051673959757
YLR184W,YDR475C,0.19268747655292975
YLR184W,YDR476C,0.17785554104689483
YLR184W,YDR477W,0.16412467812227186
YLR184W,YDR478W,-0.007232400270986225
YLR184W,YDR479C,-0.021842879017245267
YLR184W,YDR480W,-0.08742771666378431
YLR184W,YDR481C,0.07284022558582712
YLR184W,YDR482C,0.03200670947049927
YLR184W,YDR483W,0.19942724621897756
YLR184W,YDR484W,-0.1404169439418525
YLR184W,YDR485C,0.2592043570425602
YLR184W,YDR486C,0.13092975135075788
YLR184W,YDR487C,0.1200698374968661
YLR184W,YDR488C,-0.1567509915806309
YLR184W,YDR442W,-0.054752002238509845
YLR184W,YDR443C,0.07431473826271348
YLR184W,YDR444W,0.10050873120851044
YLR184W,YDR445C,0.07507782268450854
YLR184W,YDR446W,-0.08926851165177441
YLR184W,YDR448W,0.016037640604820363
YLR184W,YDR449C,0.12764438920095225
YLR184W,YDR451C,-0.18477904773962672
YLR184W,YDR452W,-0.06982093323811689
YLR184W,YDR453C,0.061881625218898006
YLR184W,YDR454C,0.23078427397456075
YLR184W,YDR455C,-0.007026645804615673
YLR184W,YDR456W,0.04167359049886181
YLR184W,YDR457W,0.07121714772162252
YLR184W,YDR458C,0.013097665466104342
YLR184W,YDR459C,0.22997418277374085
YLR184W,YDR460W,0.23573450527612308
YLR184W,YDR461W,0.3266664621137194
YLR184W,YDR462W,-0.001983589547401083
YLR184W,YDR463W,0.23055709840146238
YLR184W,YDR464W,0.06343750118046762
YLR184W,YDR465C,0.15172697859015594
YLR184W,YDR420W,0.20695689767154316
YLR184W,YDR421W,-0.017544417240807433
YLR184W,YDR422C,0.038496548356710555
YLR184W,YDR423C,0.13782901712423598
YLR184W,YDR424C,0.02960178446094509
YLR184W,YDR425W,0.06178697785697411
YLR184W,YDR426C,0.2718919333656327
YLR184W,YDR427W,0.06766229521062589
YLR184W,YDR428C,0.13197363049675664
YLR184W,YDR429C,0.17496249586532936
YLR184W,YDR430C,-0.04309068837620484
YLR184W,YDR431W,0.16597359443453044
YLR184W,YDR432W,0.12166018739022207
YLR184W,YDR433W,0.19326263959850348
YLR184W,YDR434W,0.11601521519141955
YLR184W,YDR435C,0.09052548648217011
YLR184W,YDR436W,0.1253333575334459
YLR184W,YDR437W,0.3860377135141888
YLR184W,YDR438W,0.10360426556228122
YLR184W,YDR439W,0.20998288402648074
YLR184W,YDR440W,-0.12551080213712415
YLR184W,YDR441C,0.1750327071580027
YLR184W,YDR398W,0.04205784566647395
YLR184W,YDR399W,0.210867693426321
YLR184W,YDR400W,0.00671002311982757
YLR184W,YDR402C,0.13593700245856447
YLR184W,YDR401W,0.4171860773485859
YLR184W,YDR403W,0.14169311067728926
YLR184W,YDR404C,0.22564201173989595
YLR184W,YDR405W,0.1113046609108643
YLR184W,YDR406W,0.2092720560665986
YLR184W,YDR407C,0.15036866444043442
YLR184W,YDR408C,0.14090447790419147
YLR184W,YDR409W,0.20596699559438275
YLR184W,YDR410C,0.33429129398371193
YLR184W,YDR411C,0.06949621669582841
YLR184W,YDR413C,0.1776673609902086
YLR184W,YDR412W,0.1525490051673363
YLR184W,YDR414C,-0.11440683543519434
YLR184W,YDR415C,0.08630329439754089
YLR184W,YDR416W,0.2655418426187786
YLR184W,YDR417C,0.2814734413204388
YLR184W,YDR418W,0.203406190392749
YLR184W,YDR419W,0.0351973772187664
YLR184W,YDR375C,-0.010914083853018864
YLR184W,YDR376W,0.0535024382952467
YLR184W,YDR377W,-0.07063970743631745
YLR184W,YDR378C,-0.07709217712900598
YLR184W,YDR379W,0.06499242336598826
YLR184W,YDR380W,0.05947767752087117
YLR184W,YDR381W,0.2315019511630184
YLR184W,YDR382W,0.2058539887338374
YLR184W,YDR383C,-0.13808605461513532
YLR184W,YDR384C,0.1876298983687373
YLR184W,YDR386W,-0.11679228130081569
YLR184W,YDR387C,0.03126272727506134
YLR184W,YDR388W,0.20560230697464882
YLR184W,YDR389W,-0.1421117496002738
YLR184W,YDR390C,-0.058901426524163164
YLR184W,YDR391C,0.07027755948560058
YLR184W,YDR392W,0.07479418631492174
YLR184W,YDR393W,-0.05422111493676973
YLR184W,YDR394W,0.1574918132605592
YLR184W,YDR395W,0.13166722991403462
YLR184W,YDR396W,0.23580976929734668
YLR184W,YDR397C,0.07063715001480896
YLR184W,YDR354W,0.32945820543709065
YLR184W,YDR355C,-0.1655467022336359
YLR184W,YDR356W,-0.1429618724896918
YLR184W,YDR357C,-0.04859129070445156
YLR184W,YDR358W,0.1474563470962523
YLR184W,YDR359C,0.10770521985455433
YLR184W,YDR360W,0.16999505627730013
YLR184W,YDR361C,0.12934252042355632
YLR184W,YDR362C,0.17716202666475098
YLR184W,YDR363W,0.2565731839542578
YLR184W,YDR363W-A,-0.07912308914127548
YLR184W,YDR364C,0.22086325646340554
YLR184W,YDR365C,0.17694889016474152
YLR184W,YDR366C,0.04008888069379877
YLR184W,YDR367W,0.08375527316530665
YLR184W,YDR368W,0.18729561471634568
YLR184W,YDR369C,0.10352021627128026
YLR184W,YDR370C,0.20272896249076525
YLR184W,YDR371W,-0.11791205260876798
YLR184W,YDR372C,0.19999082962652498
YLR184W,YDR373W,0.25247843928464225
YLR184W,YDR374C,0.05500271332496859
YLR184W,YDR331W,0.008242883688175225
YLR184W,YDR332W,0.1840757472717963
YLR184W,YDR333C,0.21506415112321597
YLR184W,YDR334W,0.1754866543222077
YLR184W,YDR335W,0.3149849051198208
YLR184W,YDR336W,0.07560928197630976
YLR184W,YDR337W,-0.030524420924893488
YLR184W,YDR338C,0.27547026729775825
YLR184W,YDR339C,0.2167015722928789
YLR184W,YDR340W,-0.13002348897768534
YLR184W,YDR341C,0.34374936042347976
YLR184W,YDR342C,0.24494340026617434
YLR184W,YDR343C,0.20307553253486424
YLR184W,YDR344C,0.1685611879311502
YLR184W,YDR345C,0.05876147277941553
YLR184W,YDR346C,-0.022655646863393775
YLR184W,YDR347W,-0.03110336194383644
YLR184W,YDR348C,-0.06618498396061763
YLR184W,YDR349C,0.30203530618115904
YLR184W,YDR350C,0.2560368074104241
YLR184W,YDR351W,0.23478486126190662
YLR184W,YDR352W,0.20091309344427297
YLR184W,YDR353W,0.06952090013667656
YLR184W,YDR310C,0.41449570258141677
YLR184W,YDR311W,0.15079735133389494
YLR184W,YDR312W,0.18939344421601587
YLR184W,YDR313C,0.19980328335227637
YLR184W,YDR314C,0.11786639636214047
YLR184W,YDR315C,0.04701876888073252
YLR184W,YDR316W,-0.060556195175643014
YLR184W,YDR317W,0.10042749572086641
YLR184W,YDR318W,-0.04053220970904247
YLR184W,YDR319C,0.010887160488489936
YLR184W,YDR320C,0.10981874878903812
YLR184W,YDR321W,0.2314321906568294
YLR184W,YDR322W,-0.08826280462218192
YLR184W,YDR322C-A,0.020578963736506195
YLR184W,YDR323C,0.04884288792724928
YLR184W,YDR324C,0.032613997651227224
YLR184W,YDR325W,-0.02602053122374167
YLR184W,YDR326C,0.028702117984498135
YLR184W,YDR327W,0.14333645053531824
YLR184W,YDR328C,0.18448494689445
YLR184W,YDR329C,0.12917113707566089
YLR184W,YDR330W,0.20614208719747643
YLR184W,YDR289C,-0.132067700599423
YLR184W,YDR290W,-0.048821524984466555
YLR184W,YDR291W,0.2075898025569562
YLR184W,YDR292C,0.019644187975939715
YLR184W,YDR293C,0.07861667189591665
YLR184W,YDR294C,0.07637775622622928
YLR184W,YDR295C,0.16301022238534443
YLR184W,YDR296W,-0.053165722485685483
YLR184W,YDR297W,-0.031114816034841196
YLR184W,YDR298C,-0.04431809065732733
YLR184W,YDR299W,0.15362562604390156
YLR184W,YDR300C,0.1272089491890109
YLR184W,YDR301W,0.1591544508701601
YLR184W,YDR302W,0.04503776684759018
YLR184W,YDR303C,0.07252117602476071
YLR184W,YDR304C,0.13204693674099593
YLR184W,YDR305C,0.14346866810611153
YLR184W,YDR306C,0.26055786730903874
YLR184W,YDR307W,0.10870079839101897
YLR184W,YDR308C,0.12341461149673014
YLR184W,YDR309C,0.08716956381518129
YLR184W,YDR267C,0.19164722086452882
YLR184W,YDR268W,-0.017701578836602068
YLR184W,YDR269C,0.2279678463508114
YLR184W,YDR270W,0.17564616859818633
YLR184W,YDR271C,0.490224701988238
YLR184W,YDR272W,0.1705220989917913
YLR184W,YDR273W,-0.08947788199820687
YLR184W,YDR274C,0.02040761254096037
YLR184W,YDR275W,0.16963473127440895
YLR184W,YDR276C,0.24735503391379846
YLR184W,YDR277C,0.45784978217105954
YLR184W,YDR278C,0.020707908040224557
YLR184W,YDR279W,0.033498149913174194
YLR184W,YDR280W,0.25362056367615404
YLR184W,YDR281C,0.04311000745830123
YLR184W,YDR282C,-0.004934951486616881
YLR184W,YDR283C,0.08943686303714618
YLR184W,YDR284C,0.023024240165319156
YLR184W,YDR285W,-0.12271134458579834
YLR184W,YDR286C,-0.07329940695628892
YLR184W,YDR287W,0.1920210336843417
YLR184W,YDR288W,0.005295600336447218
YLR184W,YDR244W,0.08358670930958896
YLR184W,YDR245W,0.23011321755995373
YLR184W,YDR246W,0.24705721061083444
YLR184W,YDR247W,0.12882472523089686
YLR184W,YDR248C,0.06863839665828336
YLR184W,YDR249C,0.06869236996151033
YLR184W,YDR250C,0.2470368247832712
YLR184W,YDR251W,0.05878215312808482
YLR184W,YDR252W,0.1092866486458012
YLR184W,YDR253C,-0.11427946731021264
YLR184W,YDR254W,-0.08820550453621408
YLR184W,YDR255C,0.18171459021639613
YLR184W,YDR256C,0.07703386401674664
YLR184W,YDR257C,0.15996601544342712
YLR184W,YDR258C,-0.022680796799076728
YLR184W,YDR259C,0.01873673758397948
YLR184W,YDR260C,0.28803383907713326
YLR184W,YDR261C,-0.09994372777471044
YLR184W,YDR262W,0.3197205482549766
YLR184W,YDR263C,-0.12013099858785738
YLR184W,YDR264C,0.07857590276305176
YLR184W,YDR265W,0.0806255567131326
YLR184W,YDR266C,0.12071170653928133
YLR184W,YDR221W,0.1187107815634178
YLR184W,YDR222W,0.00684392723021559
YLR184W,YDR223W,0.0713760085974903
YLR184W,YDR224C,-0.09759212868759028
YLR184W,YDR225W,0.16656650057636804
YLR184W,YDR226W,0.08245265058985222
YLR184W,YDR227W,-0.06787174164735378
YLR184W,YDR228C,0.016530123282748558
YLR184W,YDR229W,0.18696629323343195
YLR184W,YDR230W,0.21554771410346327
YLR184W,YDR231C,0.041393296948992075
YLR184W,YDR232W,0.21225338870175028
YLR184W,YDR233C,0.36493142524586486
YLR184W,YDR234W,0.09619762026044965
YLR184W,YDR235W,0.08538092392899448
YLR184W,YDR236C,0.008583163939236403
YLR184W,YDR237W,-0.0805237322418968
YLR184W,YDR238C,0.09803018913045308
YLR184W,YDR239C,0.39126237682257275
YLR184W,YDR240C,0.2430199674436996
YLR184W,YDR241W,0.35928782205434834
YLR184W,YDR242W,0.27425718547775746
YLR184W,YDR243C,0.29298502333716464
YLR184W,YDR198C,0.22850010472213084
YLR184W,YDR199W,0.25130814760845394
YLR184W,YDR200C,-0.02957873344680174
YLR184W,YDR201W,-0.03811977156744061
YLR184W,YDR202C,0.04530040853522888
YLR184W,YDR203W,0.2253797492378359
YLR184W,YDR204W,0.1239312114512401
YLR184W,YDR205W,0.2642893744275016
YLR184W,YDR206W,0.4408400641303369
YLR184W,YDR207C,0.26556832764659694
YLR184W,YDR208W,0.15052065225900116
YLR184W,YDR209C,0.24541759994087467
YLR184W,YDR210W,0.09178218263182703
YLR184W,YDR211W,0.3124676569782382
YLR184W,YDR212W,0.24759782011689144
YLR184W,YDR213W,0.09964777378991743
YLR184W,YDR214W,0.19410239714514224
YLR184W,YDR215C,-0.24687835235509606
YLR184W,YDR216W,0.016336948335083815
YLR184W,YDR217C,-0.0857626912033886
YLR184W,YDR218C,0.10679566813267173
YLR184W,YDR219C,-0.20898965830954444
YLR184W,YDR220C,0.3158046408819559
YLR184W,YDR177W,0.22036245601059362
YLR184W,YDR178W,0.061455362333912585
YLR184W,YDR179C,0.07944598647710908
YLR184W,YDR179W-A,0.1563387086003628
YLR184W,YDR180W,0.07428359436158154
YLR184W,YDR181C,-0.05200939317574816
YLR184W,YDR182W,-0.05116181469373456
YLR184W,YDR183W,-0.03059848311135542
YLR184W,YDR184C,0.04678713508309105
YLR184W,YDR185C,-0.022263336239312835
YLR184W,YDR186C,4.835278813288036e-05
YLR184W,YDR187C,0.29115086266073004
YLR184W,YDR188W,0.21045957076415603
YLR184W,YDR189W,-0.17295016456569243
YLR184W,YDR190C,0.10471763607763723
YLR184W,YDR191W,0.24032530773563937
YLR184W,YDR192C,0.10236971819259916
YLR184W,YDR193W,0.17661105515802916
YLR184W,YDR194C,-0.00401920893050352
YLR184W,YDR195W,0.34396047790686246
YLR184W,YDR196C,0.00687213441259056
YLR184W,YDR197W,0.010656362826528088
YLR184W,YDR154C,0.1600950489348099
YLR184W,YDR155C,0.09686508513252966
YLR184W,YDR156W,0.15211144766100937
YLR184W,YDR157W,0.18260829726712158
YLR184W,YDR158W,0.1969899500274385
YLR184W,YDR159W,0.26334524731290815
YLR184W,YDR160W,0.11875118354643383
YLR184W,YDR161W,0.13324170429445098
YLR184W,YDR162C,0.06477225922186143
YLR184W,YDR163W,0.22609549618306282
YLR184W,YDR164C,0.1650745179160717
YLR184W,YDR165W,0.091718351617503
YLR184W,YDR166C,0.11309500564901959
YLR184W,YDR167W,0.15231160548167913
YLR184W,YDR168W,0.1121768246388523
YLR184W,YDR169C,0.017309418859800724
YLR184W,YDR170C,0.10040113706805967
YLR184W,YDR171W,0.137144491110316
YLR184W,YDR172W,0.1559906623426374
YLR184W,YDR173C,0.027323357700697447
YLR184W,YDR174W,0.08519126676809556
YLR184W,YDR175C,-0.020839479530072508
YLR184W,YDR176W,-0.0713625865985424
YLR184W,YDR133C,0.15808948925952807
YLR184W,YDR135C,0.16496880516617973
YLR184W,YDR136C,0.01970391415170982
YLR184W,YDR137W,0.23749487229654495
YLR184W,YDR138W,0.05947704371681162
YLR184W,YDR139C,0.16661783240639017
YLR184W,YDR140W,0.24390001613830162
YLR184W,YDR141C,0.028901932557869204
YLR184W,YDR142C,0.142884603136053
YLR184W,YDR143C,0.2357614012126883
YLR184W,YDR144C,0.05831420464867127
YLR184W,YDR145W,0.09641299933225211
YLR184W,YDR146C,-0.0444150647427079
YLR184W,YDR147W,0.08891230189439611
YLR184W,YDR148C,0.020542349247094808
YLR184W,YDR149C,-0.012172047267831079
YLR184W,YDR150W,0.06280523119542314
YLR184W,YDR151C,0.05170125761426619
YLR184W,YDR152W,0.12574704144856338
YLR184W,YDR153C,0.221410329385937
YLR184W,YDR111C,-0.01706456843537522
YLR184W,YDR112W,0.13833608530228997
YLR184W,YDR113C,-0.08777329530975128
YLR184W,YDR114C,-0.020181813624090075
YLR184W,YDR115W,0.0035040273378031455
YLR184W,YDR116C,-0.05523612015351135
YLR184W,YDR117C,0.17814477183081123
YLR184W,YDR118W,0.1492070697837516
YLR184W,YDR119W,0.16922923134658277
YLR184W,YDR120C,0.2422508895098154
YLR184W,YDR121W,0.08732175956760031
YLR184W,YDR122W,0.0889666001575945
YLR184W,YDR123C,0.08591513691746604
YLR184W,YDR124W,0.15297507001039926
YLR184W,YDR125C,0.3127393574290926
YLR184W,YDR126W,0.35761470647611715
YLR184W,YDR127W,0.366999075636715
YLR184W,YDR128W,0.17947862408398557
YLR184W,YDR129C,-0.014788256974681611
YLR184W,YDR130C,-0.0306275205307919
YLR184W,YDR131C,0.12265069484737352
YLR184W,YDR132C,0.09068810176587437
YLR184W,YDR089W,0.02731296917737527
YLR184W,YDR090C,0.3002139980160803
YLR184W,YDR091C,0.23060742128650924
YLR184W,YDR092W,0.23632846573803662
YLR184W,YDR093W,0.07306333244599356
YLR184W,YDR094W,0.053940688945235196
YLR184W,YDR095C,-0.00893235285781372
YLR184W,YDR096W,-0.06586400546822857
YLR184W,YDR097C,-0.1078523349634608
YLR184W,YDR098C,0.05552545140523775
YLR184W,YDR099W,-0.0004653628708311541
YLR184W,YDR100W,0.013783432875217208
YLR184W,YDR101C,0.12593799441131057
YLR184W,YDR102C,0.0775936303732653
YLR184W,YDR103W,0.35577276775150923
YLR184W,YDR104C,0.1245754948162679
YLR184W,YDR105C,0.23977888533427705
YLR184W,YDR106W,0.11990988987525872
YLR184W,YDR107C,0.056838893259533826
YLR184W,YDR108W,0.15808820914260274
YLR184W,YDR109C,0.15725413172752217
YLR184W,YDR110W,0.2101125532680192
YLR184W,YDR067C,0.06940399142295496
YLR184W,YDR068W,-0.018514637768786583
YLR184W,YDR069C,0.005017208646082005
YLR184W,YDR070C,0.06831292440479945
YLR184W,YDR071C,0.05360566526497686
YLR184W,YDR072C,0.16715089153535348
YLR184W,YDR073W,0.05055552493660489
YLR184W,YDR074W,0.148898065768249
YLR184W,YDR075W,0.057156744527393624
YLR184W,YDR076W,0.17076802614715225
YLR184W,YDR077W,0.19854631191408514
YLR184W,YDR078C,0.25086502833059954
YLR184W,YDR079W,0.04426693103485676
YLR184W,YDR080W,0.21495904366829638
YLR184W,YDR081C,0.3169565039493399
YLR184W,YDR082W,0.22207304883262438
YLR184W,YDR083W,0.1948847947353765
YLR184W,YDR084C,0.05918481213472029
YLR184W,YDR085C,0.19701054306520116
YLR184W,YDR086C,0.05873104382943897
YLR184W,YDR087C,0.1705197953910249
YLR184W,YDR088C,0.176102277953024
YLR184W,YDR044W,0.06361552716385102
YLR184W,YDR045C,0.1185817589373981
YLR184W,YDR046C,0.23257660931298713
YLR184W,YDR047W,0.22723142122780865
YLR184W,YDR048C,0.10087762048113912
YLR184W,YDR049W,0.16239989783374997
YLR184W,YDR050C,0.3392294217952789
YLR184W,YDR051C,0.2955442664119599
YLR184W,YDR052C,-0.08398218769364285
YLR184W,YDR053W,0.39759469355016647
YLR184W,YDR054C,0.27959492060937857
YLR184W,YDR055W,-0.02830317282072652
YLR184W,YDR056C,-0.053807434025324466
YLR184W,YDR057W,-0.0038126839838364106
YLR184W,YDR058C,0.30276388350849087
YLR184W,YDR059C,0.10365651365730595
YLR184W,YDR060W,0.27643733444465846
YLR184W,YDR061W,0.0016082746944393951
YLR184W,YDR062W,0.2817522845549495
YLR184W,YDR063W,-0.03555607393512196
YLR184W,YDR064W,0.20441729941441703
YLR184W,YDR065W,0.08131116786905422
YLR184W,YDR066C,0.07757113316139175
YLR184W,YDR021W,0.20165919217464992
YLR184W,YDR022C,0.01914834525443268
YLR184W,YDR023W,0.12182676040932078
YLR184W,YDR024W,0.11037711402359765
YLR184W,YDR026C,0.21141739083893693
YLR184W,YDR027C,-0.018047514178084628
YLR184W,YDR028C,0.12537596759842595
YLR184W,YDR029W,0.1429334012429046
YLR184W,YDR030C,0.24342848682800133
YLR184W,YDR031W,-0.12081606996239605
YLR184W,YDR032C,0.1555113941972746
YLR184W,YDR033W,0.32698370599969134
YLR184W,YDR034C,0.07223777985058473
YLR184W,YDR034W-B,0.005936287463433428
YLR184W,YDR035W,0.0859779853922635
YLR184W,YDR036C,-0.010480431010412527
YLR184W,YDR037W,0.16136397998562896
YLR184W,YDR038C,0.22510365055555154
YLR184W,YDR039C,0.18297621779519102
YLR184W,YDR041W,-0.014426500131676102
YLR184W,YDR042C,0.00831451207726613
YLR184W,YDR043C,0.15505535985513844
YLR184W,YDL003W,-0.23825128877372803
YLR184W,YDL002C,-0.0759027062105451
YLR184W,YDL001W,-0.033570263242387724
YLR184W,YDR001C,0.10647554696134894
YLR184W,YDR002W,0.16144909788391976
YLR184W,YDR003W,0.1734641642318525
YLR184W,YDR004W,0.19192177971033922
YLR184W,YDR005C,0.23982416567511278
YLR184W,YDR006C,0.14597946603809597
YLR184W,YDR007W,0.14342708557989697
YLR184W,YDR008C,0.1315350211551414
YLR184W,YDR009W,0.2586205875249077
YLR184W,YDR010C,0.08261488013091556
YLR184W,YDR011W,0.3573007749688507
YLR184W,YDR012W,0.26834811293068
YLR184W,YDR013W,0.07983218054980368
YLR184W,YDR014W,0.04400991893846598
YLR184W,YDR015C,0.2710932560531015
YLR184W,YDR016C,-0.06585113310856916
YLR184W,YDR017C,0.3280920491004501
YLR184W,YDR018C,-0.009302228921078242
YLR184W,YDR019C,0.10052127052375338
YLR184W,YDR020C,0.21290514763776566
YLR184W,YDL025C,0.2108850592686702
YLR184W,YDL024C,0.15161856101365787
YLR184W,YDL023C,0.36263549676567053
YLR184W,YDL022W,0.21204919989432142
YLR184W,YDL021W,0.07736649108342888
YLR184W,YDL020C,0.2365525054740335
YLR184W,YDL019C,0.16257208972826842
YLR184W,YDL018C,-0.17068990915024912
YLR184W,YDL017W,0.034737096904914985
YLR184W,YDL016C,0.12724544495642418
YLR184W,YDL015C,0.20106532861385706
YLR184W,YDL014W,0.2047838305887951
YLR184W,YDL013W,0.3603834405065973
YLR184W,YDL012C,0.26272425006091893
YLR184W,YDL011C,0.1950375721683298
YLR184W,YDL010W,-0.0817282326792411
YLR184W,YDL009C,0.07597172139794617
YLR184W,YDL008W,0.16308138081944862
YLR184W,YDL007W,-0.002584645819079309
YLR184W,YDL006W,0.16390913309101893
YLR184W,YDL005C,0.23381582343235255
YLR184W,YDL004W,0.02011231928261039
YLR184W,YDL047W,0.12179619429017069
YLR184W,YDL046W,0.04566192336919265
YLR184W,YDL045W-A,-0.06879519019963168
YLR184W,YDL045C,0.1265353790593122
YLR184W,YDL044C,-0.037974322685728326
YLR184W,YDL043C,0.13081086360030073
YLR184W,YDL042C,0.37708651568000073
YLR184W,YDL041W,0.200031958696175
YLR184W,YDL040C,0.08531702257909862
YLR184W,YDL039C,0.009261395490995762
YLR184W,YDL038C,-0.0810077967200839
YLR184W,YDL037C,-0.09402270940898169
YLR184W,YDL036C,0.07983871762537614
YLR184W,YDL035C,0.13291095258990943
YLR184W,YDL034W,0.18057750190361438
YLR184W,YDL033C,0.07301006180606491
YLR184W,YDL032W,0.34171982498948855
YLR184W,YDL031W,0.22402789476822238
YLR184W,YDL030W,0.2833815837020676
YLR184W,YDL029W,0.06415073848707614
YLR184W,YDL028C,0.18425011661053625
YLR184W,YDL027C,-0.01800580498626925
YLR184W,YDL026W,0.24586807748904338
YLR184W,YDL071C,0.12692195389312477
YLR184W,YDL070W,-0.01715590744490742
YLR184W,YDL069C,-0.06655106817397896
YLR184W,YDL068W,0.0265351894405803
YLR184W,YDL067C,0.04401459911769322
YLR184W,YDL066W,-0.05617638484005518
YLR184W,YDL065C,-0.010274041289833766
YLR184W,YDL064W,0.10131761052035415
YLR184W,YDL063C,0.1393884887565232
YLR184W,YDL062W,0.2679022706213605
YLR184W,YDL061C,0.2530842574280557
YLR184W,YDL060W,0.17450757095613087
YLR184W,YDL059C,0.09392916284989437
YLR184W,YDL058W,-0.10556921169464653
YLR184W,YDL057W,0.2788380369980785
YLR184W,YDL056W,0.02202389325853988
YLR184W,YDL055C,-0.03092599862307113
YLR184W,YDL054C,0.22429464680881933
YLR184W,YDL053C,0.29075747682620134
YLR184W,YDL052C,0.01866321450167239
YLR184W,YDL051W,0.24091052616425804
YLR184W,YDL050C,0.3715079782978806
YLR184W,YDL049C,0.09235550156103284
YLR184W,YDL091C,0.15480569412164458
YLR184W,YDL090C,0.2052697615202075
YLR184W,YDL089W,0.16705375997017752
YLR184W,YDL088C,0.3586734645446598
YLR184W,YDL087C,0.384707986578375
YLR184W,YDL086W,0.16004843336260755
YLR184W,YDL085W,0.08525062516143596
YLR184W,YDL084W,0.0682023756855576
YLR184W,YDL083C,0.20996365326666544
YLR184W,YDL082W,0.140137654067466
YLR184W,YDL081C,0.243577955543349
YLR184W,YDL080C,0.23593475340048167
YLR184W,YDL079C,0.20325003904733502
YLR184W,YDL078C,-0.00396140646023327
YLR184W,YDL077C,-0.01522831209955907
YLR184W,YDL076C,0.014851629206461905
YLR184W,YDL075W,0.32884340694707587
YLR184W,YDL074C,0.14988394647656816
YLR184W,YDL073W,0.2353981349804203
YLR184W,YDL072C,0.05694787535672601
YLR184W,YDL113C,-0.07621331113824809
YLR184W,YDL112W,0.2589890389046462
YLR184W,YDL111C,0.09525037193603055
YLR184W,YDL110C,0.0005085907621059273
YLR184W,YDL109C,0.04782279819449293
YLR184W,YDL108W,0.1789936787485123
YLR184W,YDL107W,-0.08270990154865426
YLR184W,YDL106C,-0.01912728054806376
YLR184W,YDL105W,0.13032414167413217
YLR184W,YDL104C,-0.11379506319114874
YLR184W,YDL103C,-0.22220091842853143
YLR184W,YDL102W,-0.17371350816047126
YLR184W,YDL101C,-0.14921832307360913
YLR184W,YDL100C,-0.13692077338349057
YLR184W,YDL099W,0.081452436448905
YLR184W,YDL098C,-0.06100279815799019
YLR184W,YDL097C,-0.06120108121101032
YLR184W,YDL096C,0.36398519934315277
YLR184W,YDL095W,-0.044861939058796624
YLR184W,YDL094C,0.26343371947204436
YLR184W,YDL093W,-0.001828413734316431
YLR184W,YDL092W,0.07820876316083933
YLR184W,YDL133W,0.1273889556732246
YLR184W,YDL132W,0.1368026793252461
YLR184W,YDL131W,0.09327469473713088
YLR184W,YDL130W-A,0.06142982980588899
YLR184W,YDL130W,0.2697165363796209
YLR184W,YDL129W,0.3398596213903441
YLR184W,YDL128W,0.2062135718396852
YLR184W,YDL127W,-0.09581956909390241
YLR184W,YDL126C,0.08651592067060818
YLR184W,YDL125C,0.1945951528963177
YLR184W,YDL124W,0.10901497629827142
YLR184W,YDL123W,0.1997578404813477
YLR184W,YDL122W,0.17120791090338972
YLR184W,YDL121C,0.25982729904368534
YLR184W,YDL120W,0.0987507241152031
YLR184W,YDL119C,0.023340059311203604
YLR184W,YDL118W,0.14096795081541338
YLR184W,YDL117W,-0.09027129973756902
YLR184W,YDL116W,0.23659016314317619
YLR184W,YDL115C,0.2219113034732571
YLR184W,YDL114W,0.23213552740024132
YLR184W,YDL157C,0.03644523726464682
YLR184W,YDL156W,0.03415263401411466
YLR184W,YDL155W,0.11451924918777436
YLR184W,YDL154W,0.004416282919749666
YLR184W,YDL153C,0.2628554717011579
YLR184W,YDL152W,0.24430927439816247
YLR184W,YDL151C,0.24692149135194655
YLR184W,YDL150W,0.21976781134015325
YLR184W,YDL149W,0.13031519223581628
YLR184W,YDL148C,0.22074598235420367
YLR184W,YDL147W,0.029973563325188295
YLR184W,YDL146W,0.07787045726982979
YLR184W,YDL145C,0.053463541234937476
YLR184W,YDL144C,0.07553119580720455
YLR184W,YDL143W,0.0712067179295055
YLR184W,YDL142C,0.044297590489739004
YLR184W,YDL141W,-0.012622463694378588
YLR184W,YDL140C,0.30219032530259277
YLR184W,YDL139C,0.17221287939641908
YLR184W,YDL138W,0.1959487938792294
YLR184W,YDL137W,0.06227428530495249
YLR184W,YDL135C,-0.1646043505377536
YLR184W,YDL134C,0.12405673972577302
YLR184W,YDL179W,-0.09941211832873922
YLR184W,YDL178W,0.023305190940062472
YLR184W,YDL177C,0.16401493616866153
YLR184W,YDL176W,0.10693307450544545
YLR184W,YDL175C,0.21006638744254
YLR184W,YDL174C,0.04834658448055728
YLR184W,YDL173W,0.24420023990301554
YLR184W,YDL172C,0.06080035387127117
YLR184W,YDL171C,0.27037001714602
YLR184W,YDL170W,0.24485374303824084
YLR184W,YDL169C,0.26399501923818697
YLR184W,YDL168W,0.3443976686111829
YLR184W,YDL167C,0.16380266547811898
YLR184W,YDL166C,0.09022474690659876
YLR184W,YDL165W,0.1689867751975028
YLR184W,YDL164C,-0.14825471211365898
YLR184W,YDL163W,0.07852921771283819
YLR184W,YDL162C,0.07882946192511711
YLR184W,YDL161W,-0.09002135446942924
YLR184W,YDL160C,0.12327116556727886
YLR184W,YDL159W,0.23599741486064596
YLR184W,YDL158C,0.04816648937767654
YLR184W,YDL200C,0.16483439242597528
YLR184W,YDL199C,0.062023787340557864
YLR184W,YDL198C,0.0965450787669713
YLR184W,YDL197C,0.01506044217661448
YLR184W,YDL196W,0.26920656842619706
YLR184W,YDL195W,0.08102563322913503
YLR184W,YDL194W,0.0646945126209995
YLR184W,YDL193W,0.021272717202614193
YLR184W,YDL192W,0.15174717187653405
YLR184W,YDL191W,0.12482583221598222
YLR184W,YDL190C,0.17801116839007927
YLR184W,YDL189W,0.0047988100792415245
YLR184W,YDL188C,0.1641468753365035
YLR184W,YDL187C,-0.12992891442224797
YLR184W,YDL186W,0.05063838262201304
YLR184W,YDL185W,0.14129125665722497
YLR184W,YDL184C,-0.019816434997504725
YLR184W,YDL183C,0.3766855795186328
YLR184W,YDL182W,0.24866816698304645
YLR184W,YDL181W,0.0048132011286264615
YLR184W,YDL180W,0.14436137134709306
YLR184W,YDL221W,0.16899801033971934
YLR184W,YDL220C,0.35417378826782414
YLR184W,YDL219W,-0.09590852370095268
YLR184W,YDL218W,0.11626830836228977
YLR184W,YDL217C,0.11329046597090352
YLR184W,YDL216C,0.04561954769903437
YLR184W,YDL215C,0.10003849636716908
YLR184W,YDL214C,0.08579038499735891
YLR184W,YDL213C,0.2582148810439438
YLR184W,YDL212W,0.26005235594386517
YLR184W,YDL211C,-0.05899809432059293
YLR184W,YDL210W,0.20999159112438276
YLR184W,YDL209C,0.19754791407308334
YLR184W,YDL208W,0.17016854434012468
YLR184W,YDL207W,0.1490394302135846
YLR184W,YDL206W,-0.03806494304925686
YLR184W,YDL205C,0.06579028792628004
YLR184W,YDL204W,0.08933925950346511
YLR184W,YDL203C,0.36438007931698524
YLR184W,YDL202W,-0.08655058484877047
YLR184W,YDL201W,0.12754841879207135
YLR184W,SNR189,0.13707401502826674
YLR184W,YDL247W,0.36129339390430953
YLR184W,YDL243C,0.20615754978690704
YLR184W,YDL242W,-0.0009154648709633174
YLR184W,YDL241W,0.3125817616318625
YLR184W,YDL240W,-0.19308811471152407
YLR184W,YDL239C,0.06915531338902443
YLR184W,YDL238C,0.23470818442735789
YLR184W,YDL237W,0.0781868849492033
YLR184W,YDL236W,0.10968655697048625
YLR184W,YDL235C,0.08446466556200284
YLR184W,YDL234C,0.08310323869016244
YLR184W,YDL233W,0.18453111777418924
YLR184W,YDL232W,0.05816903943619079
YLR184W,YDL231C,0.24570727827154362
YLR184W,YDL230W,-0.048954432412037355
YLR184W,YDL228C,0.19341130884659907
YLR184W,YDL227C,0.35839729014450894
YLR184W,YDL226C,-0.030640307705124267
YLR184W,YDL225W,-0.015017423956669034
YLR184W,YDL224C,-0.016201699312448796
YLR184W,YDL223C,0.1847774433590303
YLR184W,YDL222C,0.23157935047274938
YLR184W,NC_001135,0.22334816629705115
YLR184W,YCL075W,0.16402823720614967
YLR184W,SNR43,0.26965368789561067
YLR184W,CEN3,0.31737720407455716
YLR184W,SNR33,0.13498385734708496
YLR184W,SNR65,0.17384325664651878
YLR184W,YCR018C-A,-0.08470691026444169
YLR184W,YCR020W-B,0.05116518537071348
YLR184W,YCR097W-A,0.005373951369778759
YLR184W,YCR102W-A,0.2061205467087307
YLR184W,YCL057c-a,0.12500156888010994
YLR184W,YCR068W-A,0.3504295220330574
YLR184W,YCL008C,0.2548432557456766
YLR184W,YCR086W,0.08305070231904696
YLR184W,YCR087W,0.2605248343006234
YLR184W,YCR087C-A,0.18552008498654626
YLR184W,YCR088W,0.06556167143411333
YLR184W,YCR089W,0.2246818655367046
YLR184W,YCR090C,0.017550783814468906
YLR184W,YCR091W,-0.03024741143786309
YLR184W,YCR092C,0.035732847189285634
YLR184W,YCR093W,0.053919183212810404
YLR184W,YCR094W,0.1895409796368892
YLR184W,YCR095C,0.054840001232575444
YLR184W,YCR097W,0.05608505625015918
YLR184W,YCR098C,0.17451263929903757
YLR184W,YCR099C,0.25780212054857793
YLR184W,YCR100C,0.05846665093316253
YLR184W,YCR101C,-0.1522635110356578
YLR184W,YCR102C,0.1614768739232482
YLR184W,YCR104W,0.05773007242868837
YLR184W,YCR105W,-0.1801124868604414
YLR184W,YCR106W,0.08778546455213743
YLR184W,YCL022C,0.11089786837130453
YLR184W,YCR062W,0.10632024951515577
YLR184W,YCR064C,0.050924391043046115
YLR184W,YCR063W,0.3046623328462146
YLR184W,YCR065W,-0.13333526559292747
YLR184W,YCR066W,0.11806384361487228
YLR184W,YCR067C,-0.03700311973527963
YLR184W,YCR068W,0.42538520505358945
YLR184W,YCR069W,0.20344262870263718
YLR184W,YCR071C,-0.10679214543330046
YLR184W,YCR072C,0.018215277327503072
YLR184W,YCR073C,0.23820309306288615
YLR184W,YCR073W-A,0.1726896583652214
YLR184W,YCR075C,0.1699316999764007
YLR184W,YCR076C,0.23567102751298288
YLR184W,YCR077C,0.2592383518267925
YLR184W,YCR079W,0.09412113156217806
YLR184W,YCR081W,0.26747421114671965
YLR184W,YCR082W,-0.006253573434801393
YLR184W,YCR083W,0.1480239926080738
YLR184W,YCR084C,0.21510660380012306
YLR184W,YCR085W,0.2292746307166931
YLR184W,YCR035C,0.037233748532326215
YLR184W,YCR036W,0.10396784708032261
YLR184W,YCR037C,0.2799653702517461
YLR184W,YCR038C,0.27594774244762704
YLR184W,YCR041W,0.24232770291031877
YLR184W,YCR042C,0.30476641182619985
YLR184W,YCR043C,0.12898406812187588
YLR184W,YCR044C,-0.03198130767372025
YLR184W,YCR045C,0.17414651546681725
YLR184W,YCR046C,0.002798696216769279
YLR184W,YCR047C,0.26948302610275077
YLR184W,YCR049C,0.0453327466436599
YLR184W,YCR048W,0.24835922152038817
YLR184W,YCR050C,-0.027935677330737638
YLR184W,YCR051W,0.2997192594532512
YLR184W,YCR052W,0.2485326005617081
YLR184W,YCR053W,0.2948911757029159
YLR184W,YCR054C,0.10164092504428386
YLR184W,YCR057C,0.14282200167465345
YLR184W,YCR059C,0.19307862926456681
YLR184W,YCR060W,0.1563177047243388
YLR184W,YCR061W,0.16906912547559513
YLR184W,YCR016W,0.25867815140759476
YLR184W,YCR017C,0.05967248271852811
YLR184W,YCR018C,0.03552964753448667
YLR184W,YCR019W,0.301923417229695
YLR184W,YCR020C,0.0822198957287017
YLR184W,YCR020C-A,0.26924560514248386
YLR184W,YCR021C,0.27530749448752234
YLR184W,YCR022C,0.2915393574928278
YLR184W,YCR023C,0.14696257854446532
YLR184W,YCR024C,-0.03549286154744148
YLR184W,YCR024C-A,0.19871826871382992
YLR184W,YCR025C,-0.07871523067591932
YLR184W,YCR026C,-0.09823016613538672
YLR184W,YCR027C,0.14393491033455666
YLR184W,YCR028C,0.35049081789552955
YLR184W,YCR028C-A,-0.03482884966527715
YLR184W,YCR030C,0.06745176987189948
YLR184W,YCR031C,0.1368113868816854
YLR184W,YCR032W,0.1921148745182789
YLR184W,YCR033W,0.23307075287828855
YLR184W,YCR034W,0.023346641756036082
YLR184W,YCL010C,0.24567653320307034
YLR184W,YCL009C,0.30100285676307464
YLR184W,YCL007C,0.193606329648762
YLR184W,YCL006C,0.058512701569841334
YLR184W,YCL005W,0.15424795805891797
YLR184W,YCL004W,-0.11099572255079235
YLR184W,YCL002C,0.15547931986501118
YLR184W,YCL001W,-0.008761717393153479
YLR184W,YCL001W-A,0.06741864368024013
YLR184W,YCR001W,0.04286942925984474
YLR184W,YCR002C,-0.023490436941815566
YLR184W,YCR003W,-0.04542448826361134
YLR184W,YCR004C,0.12986341338471233
YLR184W,YCR005C,0.07983128482772962
YLR184W,YCR006C,0.18302944534491167
YLR184W,YCR008W,0.18074926654916654
YLR184W,YCR009C,0.22558679699915446
YLR184W,YCR010C,0.1344581588493178
YLR184W,YCR011C,0.2109227528772701
YLR184W,YCR013C,0.03579868668306998
YLR184W,YCR012W,0.20799605768766297
YLR184W,YCR014C,0.04816769648105475
YLR184W,YCR015C,0.01691079094299078
YLR184W,YCL039W,0.07006050160507613
YLR184W,YCL038C,0.1526915066826697
YLR184W,YCL037C,0.15217513023603887
YLR184W,YCL036W,-0.01269966056852294
YLR184W,YCL035C,0.11237158668252778
YLR184W,YCL034W,0.255138357586561
YLR184W,YCL033C,0.25791611831280514
YLR184W,YCL032W,0.2610939823910093
YLR184W,YCL031C,0.19424825437477075
YLR184W,YCL030C,0.2516837260906896
YLR184W,YCL029C,0.16744041394208972
YLR184W,YCL028W,0.2396792774189308
YLR184W,YCL027W,0.06268222780524262
YLR184W,YCL026C-A,0.16108542381135627
YLR184W,YCL025C,0.23518994353012562
YLR184W,YCL023C,0.32744327776902815
YLR184W,YCL018W,0.02082863850778112
YLR184W,YCL017C,0.23543872779072014
YLR184W,YCL016C,0.23720057742927225
YLR184W,YCL014W,0.11770530685894799
YLR184W,YCL012W,0.015895765146099795
YLR184W,YCL011C,0.2725087411276787
YLR184W,YCL064C,0.05285648886938652
YLR184W,YCL063W,-0.0546866906479347
YLR184W,YCL061C,-0.2131235041917711
YLR184W,YCL059C,0.2026700943829349
YLR184W,YCL058C,0.18554732671404356
YLR184W,YCL057W,0.09092470929665991
YLR184W,YCL056C,0.24806172965300555
YLR184W,YCL055W,0.10046103912453262
YLR184W,YCL054W,0.1486751835623137
YLR184W,YCL052C,0.12451363778204282
YLR184W,YCL051W,0.144183116951537
YLR184W,YCL050C,0.2640919296659611
YLR184W,YCL049C,0.14311528824570519
YLR184W,YCL048W,-0.07778335995851093
YLR184W,YCL047C,0.03652412680057733
YLR184W,YCL045C,-0.12950513557344145
YLR184W,YCL046W,-0.2052392923269166
YLR184W,YCL044C,0.20703507619146494
YLR184W,YCL043C,0.09032898200239772
YLR184W,YCL041C,0.09881580377419442
YLR184W,YCL042W,0.054049586367125764
YLR184W,YCL040W,0.10956107165628687
YLR184W,SNR56,0.16838716448767108
YLR184W,TLC1,-0.06855132038628693
YLR184W,LSR1,0.05390828623211318
YLR184W,YCL076W,0.20838066487796356
YLR184W,YCL074W,0.26011370780041215
YLR184W,YCL068C,0.41509122695348
YLR184W,YCL067C,0.3693414091436804
YLR184W,YCL066W,0.4489753192738689
YLR184W,YCL065W,0.18505508882631283
YLR184W,YBR109w-a,0.21175332268906746
YLR184W,YBR126w-a,0.14815026543238616
YLR184W,YBL069W,-0.008436759975593426
YLR184W,YBR201W,0.11965708146231828
YLR184W,YBR266C,0.3049584132629493
YLR184W,YBR267W,0.11370743147956408
YLR184W,NC_001134,0.06476629982775035
YLR184W,YBR284W,-0.009396429283950706
YLR184W,YBR285W,0.04150631566833129
YLR184W,YBR286W,0.09844375240424455
YLR184W,YBR287W,0.08629561013840101
YLR184W,YBR288C,0.21820167145066435
YLR184W,YBR289W,0.14220539718188954
YLR184W,YBR290W,0.05605901448811686
YLR184W,YBR291C,0.1119728143801163
YLR184W,YBR292C,0.3884767615639507
YLR184W,YBR293W,0.21351395456971833
YLR184W,YBR294W,0.10714875289741142
YLR184W,YBR295W,0.16148338702077686
YLR184W,YBR296C,0.3317946880921929
YLR184W,YBR297W,0.07650651512256001
YLR184W,YBR298C,0.17839812444848885
YLR184W,YBR299W,0.054396313758499515
YLR184W,YBR300C,0.25467180352818847
YLR184W,YBR301W,0.16156620885938447
YLR184W,YBR219C,0.18269275690518516
YLR184W,YBR056w-a,0.2795935753112396
YLR184W,YBR058c-a,0.1116809440348133
YLR184W,YBR085c-a,0.16309222421053662
YLR184W,YBR259W,0.1291665711881033
YLR184W,YBR260C,0.1388662037967768
YLR184W,YBR261C,0.14499245388070767
YLR184W,YBR262C,0.018820122262673232
YLR184W,YBR263W,0.27956192834555404
YLR184W,YBR264C,0.08943006146872522
YLR184W,YBR265W,0.3027230720504673
YLR184W,YBR268W,-0.07703159576879808
YLR184W,YBR269C,0.04244308722656922
YLR184W,YBR270C,0.18975169253837532
YLR184W,YBR271W,0.09060379264626006
YLR184W,YBR272C,-0.10492755027360966
YLR184W,YBR273C,0.24896787962639672
YLR184W,YBR274W,0.22568427748732128
YLR184W,YBR275C,0.0006568048797583911
YLR184W,YBR276C,0.2743462202535058
YLR184W,YBR277C,0.21772183661757405
YLR184W,YBR278W,0.22118510149969892
YLR184W,YBR279W,0.16563480593950264
YLR184W,YBR280C,0.13057057436103506
YLR184W,YBR281C,0.03638273520174098
YLR184W,YBR282W,-0.012677996959656133
YLR184W,YBR283C,0.1571214158755777
YLR184W,YBR237W,0.20123972900514836
YLR184W,YBR238C,-0.01704371808690002
YLR184W,YBR239C,0.08531484336497039
YLR184W,YBR240C,0.18905696784752116
YLR184W,YBR241C,0.24931197877500602
YLR184W,YBR242W,0.19433936121114256
YLR184W,YBR243C,0.05491415617700157
YLR184W,YBR244W,0.12202603417102323
YLR184W,YBR245C,0.10130055028504723
YLR184W,YBR246W,0.08323742017481094
YLR184W,YBR247C,0.12721091701582696
YLR184W,YBR248C,0.19192572486131965
YLR184W,YBR249C,0.30574570093487097
YLR184W,YBR250W,0.2406170481186591
YLR184W,YBR251W,-0.0742611562840242
YLR184W,YBR252W,-0.031182289577424
YLR184W,YBR253W,-0.007127919391856204
YLR184W,YBR254C,-0.0647905711405219
YLR184W,YBR255W,0.0320129658075033
YLR184W,YBR256C,0.16307707204293645
YLR184W,YBR257W,0.29292551065088307
YLR184W,YBR258C,-0.09905820184496796
YLR184W,YBR214W,-0.012277935030036515
YLR184W,YBR215W,0.028512744370851793
YLR184W,YBR216C,-0.07293099108673162
YLR184W,YBR217W,0.15027836419681267
YLR184W,YBR218C,0.2710633582556383
YLR184W,YBR220C,0.06195205559575292
YLR184W,YBR221C,-0.01856631382235303
YLR184W,YBR222C,0.22705211334877864
YLR184W,YBR223C,0.22987310833555838
YLR184W,YBR224W,0.21782064193479656
YLR184W,YBR225W,0.12477937318798786
YLR184W,YBR226C,0.21611884291304742
YLR184W,YBR227C,0.1550660731951101
YLR184W,YBR228W,0.37786726389311215
YLR184W,YBR229C,0.12478408965165538
YLR184W,YBR230C,0.07677203674884522
YLR184W,YBR231C,0.26471021208047024
YLR184W,YBR232C,0.1089736755688286
YLR184W,YBR233W,0.006855494963802931
YLR184W,YBR234C,0.06360567849312931
YLR184W,YBR235W,0.09205386990657986
YLR184W,YBR236C,-0.05816717153496522
YLR184W,YBR191W,0.3046793612910818
YLR184W,YBR192W,-0.08769039539012133
YLR184W,YBR193C,0.09488369800268069
YLR184W,YBR194W,0.1516132706813936
YLR184W,YBR195C,0.18771124328234393
YLR184W,YBR196C,0.390725340768966
YLR184W,YBR197C,0.2277611193292115
YLR184W,YBR198C,0.19555175289311166
YLR184W,YBR199W,0.12639510419928351
YLR184W,YBR200W,0.098913565944837
YLR184W,YBR202W,0.10404909077824599
YLR184W,YBR203W,0.045317740288569476
YLR184W,YBR204C,-0.020424635275281475
YLR184W,YBR205W,0.1742233730742212
YLR184W,YBR206W,-0.05104330716027798
YLR184W,YBR207W,0.26924239731355937
YLR184W,YBR208C,0.19983490741436644
YLR184W,YBR209W,0.21378053376052064
YLR184W,YBR210W,0.17509135205153256
YLR184W,YBR211C,0.08183806698846527
YLR184W,YBR212W,0.147102506221294
YLR184W,YBR213W,-0.028782825260920634
YLR184W,YBR168W,0.023538110395562264
YLR184W,YBR169C,0.22006575652999955
YLR184W,YBR170C,0.20595895267785014
YLR184W,YBR171W,0.06624219746685503
YLR184W,YBR172C,-0.022537627452471752
YLR184W,YBR173C,0.04318777788022262
YLR184W,YBR174C,0.142874891943748
YLR184W,YBR175W,0.29095823602612286
YLR184W,YBR176W,0.3074259396586156
YLR184W,YBR177C,0.21188202571234202
YLR184W,YBR178W,0.02266609107462462
YLR184W,YBR179C,0.22006171366054117
YLR184W,YBR180W,0.2516244587326539
YLR184W,YBR182C,0.19013255651850508
YLR184W,YBR183W,0.028868248521232626
YLR184W,YBR184W,-0.1336470370251553
YLR184W,YBR185C,-0.056743352448264776
YLR184W,YBR186W,-0.014742752453900524
YLR184W,YBR187W,0.10598886424549639
YLR184W,YBR188C,0.12448549840860847
YLR184W,YBR189W,0.1381759087949198
YLR184W,YBR190W,0.399727443050464
YLR184W,YBR147W,0.3140558134139816
YLR184W,YBR148W,0.08412583821300706
YLR184W,YBR149W,-0.05319046658166984
YLR184W,YBR150C,0.02363000738390116
YLR184W,YBR151W,0.06334934484847295
YLR184W,YBR152W,0.2775528788247834
YLR184W,YBR153W,0.22987215922987017
YLR184W,YBR154C,0.13794824623514798
YLR184W,YBR155W,0.11958410823330061
YLR184W,YBR156C,-0.26588686443888154
YLR184W,YBR157C,0.13253304453839476
YLR184W,YBR158W,-0.04713445034873802
YLR184W,YBR159W,0.016156257407859483
YLR184W,YBR160W,-0.058099921911113815
YLR184W,YBR161W,0.1228788715231124
YLR184W,YBR162C,0.031240132401675322
YLR184W,YBR162W-A,-0.04406943458608151
YLR184W,YBR163W,0.2594350816757724
YLR184W,YBR164C,0.1311276364044441
YLR184W,YBR165W,0.06937815555918998
YLR184W,YBR166C,0.018577000053425212
YLR184W,YBR167C,0.01142801484572374
YLR184W,YBR124W,0.16229069635201346
YLR184W,YBR125C,-0.027025136853848882
YLR184W,YBR126C,0.015372947908214255
YLR184W,YBR127C,0.195323002986129
YLR184W,YBR128C,0.030114091876676963
YLR184W,YBR129C,-0.13146311538842442
YLR184W,YBR130C,0.12893424735678397
YLR184W,YBR131W,0.24586459797207058
YLR184W,YBR132C,0.016350596493623977
YLR184W,YBR133C,0.05918806988345546
YLR184W,YBR134W,0.29981188701533856
YLR184W,YBR135W,0.1947366689858289
YLR184W,YBR136W,0.26523281509994895
YLR184W,YBR137W,0.05528877919027899
YLR184W,YBR138C,-0.10094846716507842
YLR184W,YBR139W,0.17467401541762334
YLR184W,YBR140C,0.15852655376786468
YLR184W,YBR141C,0.02876985872213681
YLR184W,YBR142W,0.020637178982090682
YLR184W,YBR143C,0.20687731829537404
YLR184W,YBR144C,0.0636018908883289
YLR184W,YBR145W,0.3390225154385553
YLR184W,YBR146W,0.014731604258012239
YLR184W,YBR102C,0.06587388384670732
YLR184W,YBR103W,0.09688052407573486
YLR184W,YBR104W,0.12171745914712302
YLR184W,YBR105C,-0.012457618728917007
YLR184W,YBR106W,0.12945344959819485
YLR184W,YBR107C,0.14911472421245348
YLR184W,YBR108W,0.057222884172410865
YLR184W,YBR109C,0.2524416703785937
YLR184W,YBR110W,0.1802888204432666
YLR184W,YBR111C,0.2127088960866645
YLR184W,YBR112C,0.15092868479965094
YLR184W,YBR113W,0.3102263650207114
YLR184W,YBR114W,-0.054084974544049966
YLR184W,YBR115C,0.24348617581417142
YLR184W,YBR116C,0.11676925585827604
YLR184W,YBR117C,0.11104020028696142
YLR184W,YBR119W,0.23299624950065065
YLR184W,YBR120C,-0.12844294091002928
YLR184W,YBR121C,0.1752442935792051
YLR184W,YBR122C,-0.11604628912261011
YLR184W,YBR123C,-0.0021762542409675747
YLR184W,YBR082C,0.2679848088059728
YLR184W,YBR083W,0.29013421729439043
YLR184W,YBR084W,0.13451964837018907
YLR184W,YBR085W,-0.03944410094652257
YLR184W,YBR086C,0.21529826046147127
YLR184W,YBR087W,-0.04534697497444876
YLR184W,YBR088C,-0.12496995811347907
YLR184W,YBR089W,-0.19771237539717101
YLR184W,YBR090C-A,-0.11005601442047662
YLR184W,YBR090C,0.013524824415583562
YLR184W,YBR091C,0.008350047892719564
YLR184W,YBR092C,0.16261464589064142
YLR184W,YBR093C,0.030727557350575453
YLR184W,YBR094W,0.16577499472999763
YLR184W,YBR095C,0.26225065420191257
YLR184W,YBR096W,-0.07793136903149671
YLR184W,YBR097W,0.09729319490471701
YLR184W,YBR098W,0.03176880038422248
YLR184W,YBR099C,0.14328189428326732
YLR184W,YBR100W,-0.004042434930384428
YLR184W,YBR101C,0.25867549735593753
YLR184W,YBR060C,-0.01569841063265946
YLR184W,YBR061C,0.1955408260864547
YLR184W,YBR062C,0.07370095886422098
YLR184W,YBR063C,0.20922491112139738
YLR184W,YBR064W,0.26649742601389265
YLR184W,YBR065C,0.07369265445234595
YLR184W,YBR066C,0.15236404558257116
YLR184W,YBR067C,0.21626791470450243
YLR184W,YBR068C,0.07780953962482058
YLR184W,YBR069C,0.0411565427585036
YLR184W,YBR070C,-0.2230152567439754
YLR184W,YBR071W,-0.10189125698307175
YLR184W,YBR072W,0.013197828445507096
YLR184W,YBR073W,-0.09509881603273959
YLR184W,YBR074W,0.20432690299559048
YLR184W,YBR075W,0.18943930906190184
YLR184W,YBR076W,0.2816791352696744
YLR184W,YBR077C,0.21811165208468658
YLR184W,YBR078W,0.10299598085158568
YLR184W,YBR079C,0.20606654630627663
YLR184W,YBR080C,0.18164096816473432
YLR184W,YBR081C,0.23811396047942024
YLR184W,YBR038W,-0.06103598194093753
YLR184W,YBR039W,0.010601334692369452
YLR184W,YBR040W,-0.003052254907571465
YLR184W,YBR041W,0.01937933616897901
YLR184W,YBR042C,-0.10387661993009313
YLR184W,YBR043C,0.2344159172348824
YLR184W,YBR044C,0.09788294109500138
YLR184W,YBR045C,0.08917901851081476
YLR184W,YBR046C,0.2601202722377788
YLR184W,YBR047W,0.2798897613291585
YLR184W,YBR048W,0.2829929848746813
YLR184W,YBR049C,0.0838307520899287
YLR184W,YBR050C,0.2998942877734135
YLR184W,YBR051W,0.20734701438702827
YLR184W,YBR052C,0.05994655739579047
YLR184W,YBR053C,0.06160273289472983
YLR184W,YBR054W,0.24599812206551974
YLR184W,YBR055C,0.2514510333506175
YLR184W,YBR056W,0.06407483263064373
YLR184W,YBR057C,0.03136876246511013
YLR184W,YBR058C,0.21558564873383554
YLR184W,YBR059C,0.13481375712546054
YLR184W,YBR015C,0.17398088523615798
YLR184W,YBR016W,0.2318562958080353
YLR184W,YBR017C,0.22413879250953397
YLR184W,YBR018C,0.33377190398165174
YLR184W,YBR019C,0.28476244026771164
YLR184W,YBR020W,0.3267274254662146
YLR184W,YBR021W,0.1558141137964766
YLR184W,YBR022W,0.06841185854873905
YLR184W,YBR023C,0.2740877002388555
YLR184W,YBR024W,0.03969715964376675
YLR184W,YBR025C,0.23047564517183003
YLR184W,YBR026C,0.011441407052737461
YLR184W,YBR027C,0.025653190390388027
YLR184W,YBR028C,-0.09369760004800949
YLR184W,YBR029C,-0.134644494372256
YLR184W,YBR030W,0.1534573313805733
YLR184W,YBR031W,0.27177392613556295
YLR184W,YBR032W,0.03725087701840753
YLR184W,YBR033W,0.013770009403732329
YLR184W,YBR034C,0.04697345997786435
YLR184W,YBR035C,0.1513273088866273
YLR184W,YBR036C,0.17762953765099418
YLR184W,YBR037C,0.017558752190925394
YLR184W,YBL009W,-0.04985241381647867
YLR184W,YBL008W,0.15482893542558732
YLR184W,YBL007C,0.03204965137667808
YLR184W,YBL006C,0.3001015015959565
YLR184W,YBL005W,0.29202230959480363
YLR184W,YBL004W,0.22951010051748508
YLR184W,YBL003C,-0.1213650290091181
YLR184W,YBL002W,-0.21102038934327783
YLR184W,YBL001C,-0.006475928613865065
YLR184W,YBR001C,0.1340596644237126
YLR184W,YBR002C,0.18247233450434486
YLR184W,YBR003W,-0.04501478931257021
YLR184W,YBR004C,0.14203343570007484
YLR184W,YBR005W,0.22536516815233623
YLR184W,YBR007C,0.02681901232953336
YLR184W,YBR008C,0.1600940812485475
YLR184W,YBR010W,-0.10197433701486694
YLR184W,YBR011C,0.24361874675131728
YLR184W,YBR012C,0.07929274201148334
YLR184W,YBR013C,0.019774393837947025
YLR184W,YBR014C,0.22512441937973957
YLR184W,YBL031W,-0.1460191851730468
YLR184W,YBL030C,0.018750855543483925
YLR184W,YBL029W,0.1491292599667346
YLR184W,YBL028C,0.11585615330831814
YLR184W,YBL027W,0.17802125473839908
YLR184W,YBL026W,0.10738195270716447
YLR184W,YBL025W,0.3271625434090853
YLR184W,YBL024W,0.11691298580233896
YLR184W,YBL023C,0.17826819749155728
YLR184W,YBL022C,0.14313421220085062
YLR184W,YBL021C,0.09088019437532507
YLR184W,YBL020W,0.13791876920438617
YLR184W,YBL019W,0.26373105980729183
YLR184W,YBL018C,0.1962167495197293
YLR184W,YBL017C,0.20062917863563323
YLR184W,YBL016W,0.1345198689437509
YLR184W,YBL015W,0.05690407074267643
YLR184W,YBL014C,0.2251792166948798
YLR184W,YBL013W,0.511514837132544
YLR184W,YBL012C,0.05483679074552503
YLR184W,YBL011W,0.13464570873851814
YLR184W,YBL010C,-0.019399575495548427
YLR184W,YBL054W,0.21991271537365667
YLR184W,YBL053W,0.40635399618125956
YLR184W,YBL052C,0.03615653672412273
YLR184W,YBL051C,0.20278685200197333
YLR184W,YBL050W,0.11933066439420605
YLR184W,YBL049W,0.21331498025124135
YLR184W,YBL048W,0.14831843544587453
YLR184W,YBL047C,0.1596739902194203
YLR184W,YBL046W,0.16813095063950745
YLR184W,YBL045C,0.013711250039234055
YLR184W,YBL044W,-0.06019550836310948
YLR184W,YBL043W,0.22404623083183878
YLR184W,YBL042C,0.15776814068298547
YLR184W,YBL041W,0.07026957780437579
YLR184W,YBL040C,-0.0838944953656885
YLR184W,YBL039C,0.16649616499589087
YLR184W,YBL038W,-0.09816347316400141
YLR184W,YBL037W,-0.10075716426993689
YLR184W,YBL036C,0.15965151402357533
YLR184W,YBL035C,-0.1218976116156558
YLR184W,YBL034C,-0.007278173021702586
YLR184W,YBL033C,0.22642716154454573
YLR184W,YBL032W,-0.09699086797091809
YLR184W,YBL076C,0.2197173445182883
YLR184W,YBL075C,0.21798211829303868
YLR184W,YBL074C,-0.047165735086871774
YLR184W,YBL073W,0.08490931309123483
YLR184W,YBL072C,0.2510413709844123
YLR184W,YBL071C,0.21290199410141428
YLR184W,YBL070C,0.030114908243028895
YLR184W,YBL068W,0.16452367816982436
YLR184W,YBL067C,-0.00380320648089371
YLR184W,YBL066C,0.034839373781343094
YLR184W,YBL065W,0.01270105826621051
YLR184W,YBL064C,0.08859316154848217
YLR184W,YBL063W,-0.17980445319051572
YLR184W,YBL062W,0.17704627367984216
YLR184W,YBL061C,0.06899466923061068
YLR184W,YBL060W,0.19913724568198388
YLR184W,YBL059W,0.0557955673164089
YLR184W,YBL058W,0.12504650164404377
YLR184W,YBL057C,0.2508833403701601
YLR184W,YBL056W,0.16744294829040982
YLR184W,YBL055C,0.1710350570848687
YLR184W,YBL097W,0.19196466905813073
YLR184W,YBL096C,0.16691052616800217
YLR184W,YBL095W,0.05979247354843872
YLR184W,YBL094C,0.12011131600300241
YLR184W,YBL093C,0.04664267190480933
YLR184W,YBL092W,0.19659813192924572
YLR184W,YBL091C-A,0.08025450266399331
YLR184W,YBL091C,0.22046587483477853
YLR184W,YBL090W,-0.11698658349813247
YLR184W,YBL089W,0.1890991862054105
YLR184W,YBL088C,0.3112382747895235
YLR184W,YBL087C,0.25347590763383027
YLR184W,YBL086C,0.21809182228741278
YLR184W,YBL085W,0.09348496183097468
YLR184W,YBL084C,0.29351426970101935
YLR184W,YBL083C,0.2173545388822294
YLR184W,YBL082C,0.2097587564170971
YLR184W,YBL081W,0.09459537670824135
YLR184W,YBL080C,-0.05630531798315476
YLR184W,YBL079W,0.21062189643174606
YLR184W,YBL078C,0.13514687880151183
YLR184W,YBL077W,0.3629916952039915
YLR184W,SNR59,0.22549606362269906
YLR184W,SNR51,0.004494472252861384
YLR184W,SNR70,0.17189807088652348
YLR184W,SNR41,0.1793818545930101
YLR184W,SNR45,0.0328778554472479
YLR184W,YBL109W,0.2557664859895699
YLR184W,YBL107C,0.014312725137935807
YLR184W,YBL106C,0.15920453358145994
YLR184W,YBL105C,0.2744650769996631
YLR184W,YBL104C,0.3424816752306254
YLR184W,YBL103C,0.33041956831746405
YLR184W,YBL102W,0.06518060067185517
YLR184W,YBL101C,0.171989623545426
YLR184W,YBL100C,0.2620805272802899
YLR184W,YBL099W,-0.045295697148101
YLR184W,YBL098W,0.12798333353116859
YLR184W,YPR186C,0.09945363068633108
YLR184W,YPR187W,0.16124779673995127
YLR184W,YPR188C,0.04386331931902275
YLR184W,YPR189W,0.11931325795511091
YLR184W,YPR190C,0.14312963387249283
YLR184W,YPR191W,0.06435603191340841
YLR184W,YPR192W,0.3264064331912611
YLR184W,YPR193C,0.17194895382423178
YLR184W,YPR194C,0.26544171159447155
YLR184W,YPR195C,0.04019721377697654
YLR184W,YPR196W,0.29458616537726645
YLR184W,YPR197C,0.252681001820555
YLR184W,YPR198W,0.46832167452512197
YLR184W,YPR199C,0.24573369519096264
YLR184W,YPR200C,0.08687551030419761
YLR184W,YPR201W,0.058301893653766854
YLR184W,YPL075W,0.11749525515068893
YLR184W,NC_001148,0.07181775881653438
YLR184W,YPR163C,0.23699735189260818
YLR184W,YPR164W,0.19775293517836112
YLR184W,YPR165W,0.25875899077305586
YLR184W,YPR166C,-0.04238154213892856
YLR184W,YPR167C,0.00428422009414328
YLR184W,YPR168W,0.11568289848000776
YLR184W,YPR169W,0.2130793612491097
YLR184W,YPR170C,0.24518180238561246
YLR184W,YPR171W,0.1322644218127776
YLR184W,YPR172W,-0.00801652101958296
YLR184W,YPR173C,0.17736019871857547
YLR184W,YPR174C,0.06789431515752896
YLR184W,YPR175W,-0.11974278545720397
YLR184W,YPR176C,0.16920569062971336
YLR184W,YPR177C,0.21731075203198544
YLR184W,YPR178W,0.294368095500074
YLR184W,YPR179C,-0.0545690472080476
YLR184W,YPR180W,-0.013304740893318756
YLR184W,YPR181C,-0.07471618260357069
YLR184W,YPR182W,-0.005393161910202521
YLR184W,YPR183W,0.07799756141326332
YLR184W,YPR184W,0.15662289354823622
YLR184W,YPR185W,0.11864662380672858
YLR184W,YPR141C,-0.09354426358364046
YLR184W,YPR142C,0.23311349884699342
YLR184W,YPR143W,0.19993981524115187
YLR184W,YPR144C,0.1059239552899757
YLR184W,YPR145W,0.11923925305799442
YLR184W,YPR146C,-0.11516512071465061
YLR184W,YPR147C,0.03833117851859705
YLR184W,YPR148C,0.03700517623766606
YLR184W,YPR149W,0.17403636420556134
YLR184W,YPR150W,0.16957815547745742
YLR184W,YPR151C,0.05329039046831249
YLR184W,YPR152C,0.16511661068005104
YLR184W,YPR153W,0.21459319607826904
YLR184W,YPR154W,0.15840944975042337
YLR184W,YPR155C,0.09981335773099698
YLR184W,YPR156C,0.1673878292262672
YLR184W,YPR157W,0.10400180210560472
YLR184W,YPR158W,0.19282914303820706
YLR184W,YPR159W,0.10994776180076044
YLR184W,YPR160W,0.05811857612446703
YLR184W,YPR161C,0.15668564472628488
YLR184W,YPR162C,0.25623765242732094
YLR184W,YPR121W,0.305571116267684
YLR184W,YPR122W,0.41197250032367944
YLR184W,YPR123C,0.2599636790938864
YLR184W,YPR124W,0.05052533468680791
YLR184W,YPR125W,0.026306878153123645
YLR184W,YPR126C,0.2495637389862048
YLR184W,YPR127W,0.20016012941110034
YLR184W,YPR128C,0.33687693336160524
YLR184W,YPR129W,0.1577962152510826
YLR184W,YPR130C,0.11477732056883204
YLR184W,YPR131C,0.23198559460015789
YLR184W,YPR132W,0.376189102996924
YLR184W,YPR133C,0.30413905062422697
YLR184W,YPR133W-A,-0.0025796089188711217
YLR184W,YPR134W,0.29909219086896804
YLR184W,YPR135W,0.06402227860046958
YLR184W,YPR136C,0.17329188499189885
YLR184W,YPR137W,0.09025154685076492
YLR184W,YPR138C,0.2547587562455136
YLR184W,YPR139C,0.07363289857471919
YLR184W,YPR140W,0.04041629413839891
YLR184W,YPR099C,0.010033443379099267
YLR184W,YPR100W,-0.06031145672231405
YLR184W,YPR101W,0.09628343589817384
YLR184W,YPR102C,0.3599794627278516
YLR184W,YPR103W,0.09836607950853088
YLR184W,YPR104C,0.1957459890861871
YLR184W,YPR105C,-0.07262558176309733
YLR184W,YPR106W,0.07999962988354528
YLR184W,YPR107C,0.052429064619066344
YLR184W,YPR108W,0.05089663827323658
YLR184W,YPR109W,0.026188716080277567
YLR184W,YPR110C,0.11371531460672304
YLR184W,YPR111W,0.12288581103746164
YLR184W,YPR112C,0.13010057431254765
YLR184W,YPR113W,0.03358626681491581
YLR184W,YPR114W,0.0453052113211836
YLR184W,YPR115W,0.18483426725048768
YLR184W,YPR116W,0.06328512701538393
YLR184W,YPR117W,0.09194545960199113
YLR184W,YPR118W,0.04896964841674894
YLR184W,YPR119W,-0.028926367136379215
YLR184W,YPR120C,0.07296161714548993
YLR184W,YPR078C,0.0758115115076628
YLR184W,YPR079W,0.12185396906457888
YLR184W,YPR080W,0.2736711109590373
YLR184W,YPR081C,0.10204279047491799
YLR184W,YPR082C,0.039217565898839554
YLR184W,YPR083W,0.1570519216192266
YLR184W,YPR084W,0.23530769516691194
YLR184W,YPR085C,0.33472071838329254
YLR184W,YPR086W,0.3885575169874368
YLR184W,YPR087W,0.2803191138025763
YLR184W,YPR088C,0.21942265214509363
YLR184W,YPR089W,0.2104475210954782
YLR184W,YPR090W,0.2595407299318058
YLR184W,YPR091C,-0.0042066523314776795
YLR184W,YPR092W,0.2739313914342195
YLR184W,YPR093C,0.3860549227725198
YLR184W,YPR094W,0.21638776654806297
YLR184W,YPR095C,0.22218807405244093
YLR184W,YPR096C,0.213649256914655
YLR184W,YPR097W,0.2424176234785196
YLR184W,YPR098C,0.08866100069789712
YLR184W,YPR055W,0.003926333119045929
YLR184W,YPR056W,0.14192705683645304
YLR184W,YPR057W,0.14550680846564368
YLR184W,YPR058W,0.39403057190088747
YLR184W,YPR059C,0.3435278908574633
YLR184W,YPR060C,0.028631556801114812
YLR184W,YPR061C,0.2283657956009512
YLR184W,YPR062W,0.14763093078928766
YLR184W,YPR063C,0.25033965159918725
YLR184W,YPR064W,0.10610562897707565
YLR184W,YPR065W,0.052986518098540804
YLR184W,YPR066W,0.14333962467878375
YLR184W,YPR067W,0.07888188842795146
YLR184W,YPR068C,0.05339879048502221
YLR184W,YPR069C,0.38025737144704946
YLR184W,YPR070W,0.26607215421451574
YLR184W,YPR071W,0.1446696225357275
YLR184W,YPR072W,0.09285259804611604
YLR184W,YPR073C,0.07108275024845837
YLR184W,YPR074C,0.10764780156744899
YLR184W,YPR075C,0.06497206360959573
YLR184W,YPR076W,0.19807616282433574
YLR184W,YPR077C,-0.142235909616097
YLR184W,YPR035W,0.241142785794119
YLR184W,YPR036W,0.1940084131223138
YLR184W,YPR037C,0.2448204957023837
YLR184W,YPR038W,0.46347048389311624
YLR184W,YPR039W,0.22773591681043331
YLR184W,YPR040W,0.4410975548359075
YLR184W,YPR041W,0.09676186961562032
YLR184W,YPR042C,0.18058573552136303
YLR184W,YPR043W,0.2624172520537842
YLR184W,YPR044C,0.2645195570253929
YLR184W,YPR045C,0.028533500092890803
YLR184W,YPR046W,0.10178551685925714
YLR184W,YPR047W,-0.13749237028270003
YLR184W,YPR048W,0.17035482728478074
YLR184W,YPR049C,0.3142110095767882
YLR184W,YPR050C,0.2674603816750831
YLR184W,YPR051W,0.2031343132249485
YLR184W,YPR052C,-0.07433901475202455
YLR184W,YPR053C,0.0768687683752809
YLR184W,YPR054W,0.15090657830696674
YLR184W,YPR014C,0.3330403299256806
YLR184W,YPR015C,0.0938371028645881
YLR184W,YPR016C,0.20491169899880526
YLR184W,YPR017C,-0.0025780042548823414
YLR184W,YPR018W,-0.10134285102003786
YLR184W,YPR019W,0.15172596623898973
YLR184W,YPR020W,-0.14660707310978371
YLR184W,YPR021C,-0.0570852622697365
YLR184W,YPR022C,-0.014742341847583862
YLR184W,YPR023C,0.21336235429604178
YLR184W,YPR024W,0.15709247397369291
YLR184W,YPR025C,0.1655475732141119
YLR184W,YPR026W,0.14040511160544736
YLR184W,YPR027C,0.061000979560921605
YLR184W,YPR028W,0.16163200609200548
YLR184W,YPR029C,0.19764241449147402
YLR184W,YPR030W,0.28424746468866413
YLR184W,YPR031W,0.26594003794334636
YLR184W,YPR032W,0.31459838258082534
YLR184W,YPR033C,0.1524469106720909
YLR184W,YPR034W,0.05122583304881288
YLR184W,YPL010W,0.0032249631087458742
YLR184W,YPL009C,0.3758314879502654
YLR184W,YPL008W,0.16645350554184934
YLR184W,YPL007C,-0.23182814256229123
YLR184W,YPL006W,0.18082916592477744
YLR184W,YPL005W,0.22397919398673333
YLR184W,YPL004C,0.20877542728803847
YLR184W,YPL003W,0.031418768783430334
YLR184W,YPL002C,0.37458627613928885
YLR184W,YPL001W,0.3236511848505143
YLR184W,YPR001W,0.044434547460906325
YLR184W,YPR002W,0.12412708218911611
YLR184W,YPR003C,0.08253312770320173
YLR184W,YPR004C,0.11707081574643427
YLR184W,YPR005C,0.12885188184252214
YLR184W,YPR006C,0.10438328272875767
YLR184W,YPR007C,0.15286537215101825
YLR184W,YPR008W,0.13338431730046466
YLR184W,YPR009W,0.1611753919529515
YLR184W,YPR010C,0.2076477310717247
YLR184W,YPR011C,0.10970108818897387
YLR184W,YPR012W,0.3092444994580166
YLR184W,YPR013C,0.20628384616631434
YLR184W,YPL032C,0.09747236382531022
YLR184W,YPL031C,0.19099776168439112
YLR184W,YPL030W,0.18438588736808234
YLR184W,YPL029W,0.19905954542103793
YLR184W,YPL028W,0.20755010124176496
YLR184W,YPL027W,0.23158456679313005
YLR184W,YPL026C,0.06201675143850556
YLR184W,YPL025C,0.3544927146007986
YLR184W,YPL024W,0.052472147846315875
YLR184W,YPL023C,0.16795054788273628
YLR184W,YPL022W,0.06361771202602977
YLR184W,YPL021W,-0.026211990079063878
YLR184W,YPL020C,0.2818837512039142
YLR184W,YPL019C,0.1337768017121781
YLR184W,YPL018W,0.18186501553976206
YLR184W,YPL017C,0.09373986918359312
YLR184W,YPL016W,-0.16202627841890774
YLR184W,YPL015C,0.08062919722891185
YLR184W,YPL014W,0.030907232151280918
YLR184W,YPL013C,-0.07596331248601851
YLR184W,YPL012W,0.18309523984578369
YLR184W,YPL011C,0.07160465851932311
YLR184W,YPL055C,0.34452202910827956
YLR184W,YPL054W,0.17787726954289704
YLR184W,YPL053C,0.1457772032005943
YLR184W,YPL052W,0.25904705199575717
YLR184W,YPL051W,0.21260898797945996
YLR184W,YPL050C,0.06135637081737928
YLR184W,YPL049C,0.2882204656947873
YLR184W,YPL048W,0.009170310546208439
YLR184W,YPL047W,0.20779324318635947
YLR184W,YPL046C,0.11809385091005588
YLR184W,YPL045W,0.1265857998552953
YLR184W,YPL044C,0.2927168990112171
YLR184W,YPL043W,0.12111996255963652
YLR184W,YPL042C,-0.02811867006872749
YLR184W,YPL041C,0.17339939454697845
YLR184W,YPL040C,0.0034875834649788413
YLR184W,YPL039W,0.16700421990046987
YLR184W,YPL038W,0.1357606652433588
YLR184W,YPL037C,0.39004126597055816
YLR184W,YPL036W,0.2405330257550715
YLR184W,YPL035C,0.26913648350566977
YLR184W,YPL034W,0.2488184817407327
YLR184W,YPL033C,0.12469454510251927
YLR184W,YPL079W,0.27122116156593795
YLR184W,YPL078C,-0.1720977946588767
YLR184W,YPL077C,0.2641657634478379
YLR184W,YPL076W,0.2939469023368254
YLR184W,YPL074W,0.21239883917108573
YLR184W,YPL073C,0.11042611311189798
YLR184W,YPL072W,-0.0848896615595701
YLR184W,YPL071C,0.2434964750375631
YLR184W,YPL070W,0.26287602642512414
YLR184W,YPL069C,0.25614565199804307
YLR184W,YPL068C,0.07420221982972425
YLR184W,YPL067C,0.17654476520217044
YLR184W,YPL066W,0.2366792869198604
YLR184W,YPL065W,0.16479407794797027
YLR184W,YPL064C,0.2951005371943647
YLR184W,YPL063W,0.13824913702580868
YLR184W,YPL062W,0.28844435291311976
YLR184W,YPL061W,0.38490113232801293
YLR184W,YPL060W,0.15397919231447627
YLR184W,YPL059W,0.14231072111548831
YLR184W,YPL058C,0.25821486726584825
YLR184W,YPL057C,0.023601813655161653
YLR184W,YPL056C,0.374375539420946
YLR184W,YPL101W,0.29854877885977665
YLR184W,YPL100W,0.22343641531646072
YLR184W,YPL099C,0.12225679402332415
YLR184W,YPL098C,0.1363867902957545
YLR184W,YPL097W,0.07615080468840928
YLR184W,YPL096W,0.20775020916751794
YLR184W,YPL095C,0.26753092615787105
YLR184W,YPL094C,0.13839168209762445
YLR184W,YPL093W,0.15996985567374863
YLR184W,YPL092W,0.20892757775673118
YLR184W,YPL091W,0.27727681752044103
YLR184W,YPL090C,0.2434409152693436
YLR184W,YPL089C,0.16853531137399233
YLR184W,YPL088W,0.22429948809415265
YLR184W,YPL087W,0.06032576568962097
YLR184W,YPL086C,0.15737431628645468
YLR184W,YPL085W,0.24112418323993612
YLR184W,YPL084W,0.09547422366350598
YLR184W,YPL083C,0.04924138550709165
YLR184W,YPL082C,0.18072172807036882
YLR184W,YPL081W,0.01221443404844721
YLR184W,YPL080C,0.17703241272311937
YLR184W,YPL123C,0.06393990648492894
YLR184W,YPL122C,0.14176131695050248
YLR184W,YPL121C,0.1314297406676807
YLR184W,YPL120W,0.29782729852550205
YLR184W,YPL119C,0.20877737034190738
YLR184W,YPL118W,-0.08172114153748879
YLR184W,YPL117C,0.19174496561179522
YLR184W,YPL116W,-0.18278480683677784
YLR184W,YPL115C,0.16481987062577186
YLR184W,YPL114W,0.1308134207132542
YLR184W,YPL113C,0.09983971099309626
YLR184W,YPL112C,0.16931759130195284
YLR184W,YPL111W,0.36662726448526417
YLR184W,YPL110C,0.19601293323931498
YLR184W,YPL109C,0.09500662415105596
YLR184W,YPL108W,0.217969703991322
YLR184W,YPL107W,0.07223084447697553
YLR184W,YPL106C,0.39372887361624853
YLR184W,YPL105C,0.16693265077595443
YLR184W,YPL104W,-0.015411604256632457
YLR184W,YPL103C,0.13825588561988408
YLR184W,YPL102C,0.48967227818877185
YLR184W,YPL146C,0.15210209873719743
YLR184W,YPL145C,0.1352219141082284
YLR184W,YPL144W,0.06252996184631876
YLR184W,YPL143W,0.15849709631308997
YLR184W,YPL142C,0.2119149296985706
YLR184W,YPL141C,0.005974238424468781
YLR184W,YPL140C,0.11776599209294958
YLR184W,YPL139C,0.16398558633523305
YLR184W,YPL138C,0.2457173443626113
YLR184W,YPL137C,0.12878018347755663
YLR184W,YPL136W,0.14000859749225372
YLR184W,YPL135W,0.30926900544894703
YLR184W,YPL134C,0.10242946568011756
YLR184W,YPL133C,0.34630764799653646
YLR184W,YPL132W,0.11997063397412738
YLR184W,YPL131W,0.30102280658020647
YLR184W,YPL130W,0.29883374593517653
YLR184W,YPL129W,0.10953713939829184
YLR184W,YPL128C,0.15754996077818828
YLR184W,YPL127C,-0.09482470980370873
YLR184W,YPL126W,0.19666513796715945
YLR184W,YPL125W,0.19372250268459498
YLR184W,YPL124W,-0.14062076845925348
YLR184W,YPL168W,0.09890098199930804
YLR184W,YPL167C,0.2878752532242806
YLR184W,YPL166W,0.22218259390458917
YLR184W,YPL165C,0.07254263696116073
YLR184W,YPL164C,0.2774131585113675
YLR184W,YPL163C,-0.17737295554573296
YLR184W,YPL162C,0.29220119077100937
YLR184W,YPL161C,0.08294241964643201
YLR184W,YPL160W,0.22122103055232598
YLR184W,YPL159C,0.16180417749227693
YLR184W,YPL158C,-0.0872458116917325
YLR184W,YPL157W,0.11593544834668927
YLR184W,YPL156C,0.40099397396456343
YLR184W,YPL155C,0.0860948326031389
YLR184W,YPL154C,0.1314373488997423
YLR184W,YPL153C,-0.10773045818816919
YLR184W,YPL152W,0.10089707544695248
YLR184W,YPL151C,0.20463081018525908
YLR184W,YPL150W,0.12019122042562015
YLR184W,YPL149W,0.1616120884126442
YLR184W,YPL148C,0.26424116945645404
YLR184W,YPL147W,0.12896891302631283
YLR184W,YPL190C,0.31164031254256136
YLR184W,YPL189W,-0.03643710672140846
YLR184W,YPL188W,0.21823492738375427
YLR184W,YPL187W,0.028516704939431682
YLR184W,YPL186C,0.09740134985455759
YLR184W,YPL185W,0.19947697354755062
YLR184W,YPL184C,-0.028779796165478207
YLR184W,YPL183W-A,-0.061956983867494826
YLR184W,YPL183C,0.08209482240231311
YLR184W,YPL182C,0.23267015261740667
YLR184W,YPL181W,0.08458809445915112
YLR184W,YPL180W,0.3823132074130511
YLR184W,YPL179W,0.16117249394730168
YLR184W,YPL178W,0.06181809903548513
YLR184W,YPL177C,0.15513273895691665
YLR184W,YPL176C,0.2498369128429551
YLR184W,YPL175W,0.0704664001380432
YLR184W,YPL174C,0.16281904052695162
YLR184W,YPL173W,-0.020358289517439506
YLR184W,YPL172C,0.040202101672708504
YLR184W,YPL171C,0.2657950936893306
YLR184W,YPL170W,0.18333398966004916
YLR184W,YPL169C,0.29029256446672774
YLR184W,YPL211W,0.14394353769239554
YLR184W,YPL210C,0.10272077074231184
YLR184W,YPL209C,0.015824044229087002
YLR184W,YPL208W,0.006107102454479605
YLR184W,YPL207W,0.2138787148804858
YLR184W,YPL206C,0.2542238323362574
YLR184W,YPL205C,-0.018034801601348162
YLR184W,YPL204W,0.14520092364144996
YLR184W,YPL203W,0.08486496768977474
YLR184W,YPL202C,-0.004659292022482233
YLR184W,YPL201C,0.108785978724464
YLR184W,YPL200W,0.14884477925063833
YLR184W,YPL199C,0.12384369365225174
YLR184W,YPL198W,0.3018619045836314
YLR184W,YPL197C,0.2101939591587236
YLR184W,YPL196W,0.17701311498105313
YLR184W,YPL195W,0.14124246992377296
YLR184W,YPL194W,0.1166260464915997
YLR184W,YPL193W,0.16938752929140327
YLR184W,YPL192C,0.36852588020676486
YLR184W,YPL191C,0.27713934650282734
YLR184W,YPL234C,0.25821919249829994
YLR184W,YPL233W,-0.024544834730144727
YLR184W,YPL232W,0.20918392037004777
YLR184W,YPL231W,0.27979104046942327
YLR184W,YPL230W,0.1698831105761186
YLR184W,YPL229W,0.28515904170709017
YLR184W,YPL228W,0.06842796197830073
YLR184W,YPL227C,-0.007836381203486986
YLR184W,YPL226W,0.17808518035542903
YLR184W,YPL225W,0.1261533081491807
YLR184W,YPL224C,0.294971310896781
YLR184W,YPL223C,0.27205178945719455
YLR184W,YPL222W,0.25776571638487694
YLR184W,YPL221W,0.03955963403172874
YLR184W,YPL220W,0.36732131673650076
YLR184W,YPL219W,0.08469378821808739
YLR184W,YPL218W,0.08384753155229707
YLR184W,YPL217C,0.19965624057432035
YLR184W,YPL216W,0.0890856091252996
YLR184W,YPL215W,-0.04052457915050223
YLR184W,YPL214C,0.11629624098351166
YLR184W,YPL213W,0.028548789951292425
YLR184W,YPL212C,0.11470318051958162
YLR184W,YPL256C,-0.17149588623128834
YLR184W,YPL255W,-0.12788998789663103
YLR184W,YPL254W,0.3351379951792888
YLR184W,YPL253C,0.011019604057082936
YLR184W,YPL252C,0.04454766165641262
YLR184W,YPL251W,0.039845706247534106
YLR184W,YPL250C,0.18414265787837322
YLR184W,YPL249C-A,0.1356580219568006
YLR184W,YPL249C,0.09846654185683788
YLR184W,YPL248C,0.20743517379392917
YLR184W,YPL247C,0.24041572121050125
YLR184W,YPL246C,0.14463724222871768
YLR184W,YPL245W,0.1120714076876388
YLR184W,YPL244C,0.17542489051883406
YLR184W,YPL243W,0.13714163719253547
YLR184W,YPL242C,-0.07573358327835299
YLR184W,YPL241C,-0.09319834025948619
YLR184W,YPL240C,0.1494719430516029
YLR184W,YPL239W,0.19470337222142317
YLR184W,YPL238C,0.11170455132950763
YLR184W,YPL237W,0.07859392591826618
YLR184W,YPL236C,0.16662847780996703
YLR184W,YPL235W,0.2071828909955497
YLR184W,SNR31,0.09967106533976428
YLR184W,SNR5,0.09497434588489354
YLR184W,YPL277C,0.13139391199729702
YLR184W,YPL276W,0.11545076754402887
YLR184W,YPL274W,0.10934109858760506
YLR184W,YPL273W,0.18301954563500825
YLR184W,YPL272C,0.07271748834682167
YLR184W,YPL271W,-0.04131692787376895
YLR184W,YPL270W,0.15140763459275977
YLR184W,YPL269W,-0.16634956325391834
YLR184W,YPL268W,0.15505429339484536
YLR184W,YPL267W,-0.1106342482607448
YLR184W,YPL266W,0.19644592414156017
YLR184W,YPL265W,0.26504906274541057
YLR184W,YPL264C,0.21154462888602435
YLR184W,YPL263C,0.20441077066203428
YLR184W,YPL262W,0.053075305702874526
YLR184W,YPL261C,-0.2799570529677453
YLR184W,YPL260W,0.16106365040382176
YLR184W,YPL259C,0.15292888440741176
YLR184W,YPL258C,0.12163668274551814
YLR184W,YPL257W,0.15034385912332832
YLR184W,SNR58,0.05412090346116977
YLR184W,SNR50,0.15832005703951743
YLR184W,CEN15,0.02648496063642663
YLR184W,SNR9,-0.012098777088861087
YLR184W,SNR62,0.03856344223958446
YLR184W,SNR36,-0.07240305253293718
YLR184W,SNR35,0.008068994890735122
YLR184W,snr17a,-0.04466173264962569
YLR184W,SNR8,0.11539454413247154
YLR184W,YOR384W,0.02242497685992243
YLR184W,YOR385W,0.3135314255421216
YLR184W,YOR386W,0.285079818272115
YLR184W,YOR387C,0.28477690229622515
YLR184W,YOR388C,0.17025036319468254
YLR184W,YOR389W,0.20516091619940424
YLR184W,YOR390W,0.11738376446432659
YLR184W,YOR392W,0.2808101477978355
YLR184W,YOR394W,-0.05441243295137535
YLR184W,YOL013W-A,0.05286771980012875
YLR184W,YOL038c-a,0.1570556980171307
YLR184W,YOR069W,-0.1110514081792539
YLR184W,YOR074C,-0.20243796119185134
YLR184W,YOR362C,-0.013163099497403533
YLR184W,YOR363C,0.09767553735423284
YLR184W,YOR364W,0.1647014055800861
YLR184W,YOR365C,0.18256311640250883
YLR184W,YOR366W,0.04361757391805175
YLR184W,YOR367W,0.11789757382574288
YLR184W,YOR368W,-0.1882496661651659
YLR184W,YOR369C,0.19875114579917336
YLR184W,YOR370C,0.30831788637078633
YLR184W,YOR371C,0.29638731652398925
YLR184W,YOR372C,-0.12053903769453007
YLR184W,YOR373W,-0.011116087809073173
YLR184W,YOR374W,0.24092043925401743
YLR184W,YOR375C,0.32398717998053583
YLR184W,YOR376W,-0.0076604901761245904
YLR184W,YOR377W,0.25111603810928124
YLR184W,YOR378W,-0.21133959277149425
YLR184W,YOR379C,0.406344048515098
YLR184W,YOR380W,0.25920403937389974
YLR184W,YOR381W,0.27286635652419555
YLR184W,YOR382W,0.18849065808255158
YLR184W,YOR383C,0.005295001743733892
YLR184W,YOR339C,0.19337022641618756
YLR184W,YOR340C,0.1668274422522803
YLR184W,YOR341W,0.23197956787094023
YLR184W,YOR342C,0.1761204553295301
YLR184W,YOR343C,0.11470204115688797
YLR184W,YOR344C,0.08377541576805604
YLR184W,YOR345C,0.11894371401614807
YLR184W,YOR346W,0.299095346097601
YLR184W,YOR347C,0.2745069487224052
YLR184W,YOR348C,0.1664218055082239
YLR184W,YOR349W,0.008169990144084307
YLR184W,YOR350C,0.23672901210587496
YLR184W,YOR351C,0.03567235803380081
YLR184W,YOR352W,0.21532026949216546
YLR184W,YOR353C,0.24836684337968165
YLR184W,YOR354C,-0.021860516723560746
YLR184W,YOR355W,0.16633302417069545
YLR184W,YOR356W,0.08272463900003603
YLR184W,YOR357C,-0.01093271541915257
YLR184W,YOR358W,0.16168152128784047
YLR184W,YOR359W,0.06654075117127067
YLR184W,YOR360C,-0.004196001009844964
YLR184W,YOR361C,0.15304218944381887
YLR184W,YOR316C,0.2529465128934935
YLR184W,YOR317W,0.08544958248219585
YLR184W,YOR318C,0.23159829497320047
YLR184W,YOR319W,0.28905072214309857
YLR184W,YOR320C,0.2175845566243598
YLR184W,YOR321W,0.03955011133593865
YLR184W,YOR322C,0.35011916457231795
YLR184W,YOR323C,0.33799337390205314
YLR184W,YOR324C,0.22642139714729315
YLR184W,YOR325W,0.3780939117689216
YLR184W,YOR326W,0.10431380296596073
YLR184W,YOR327C,0.22493257844829173
YLR184W,YOR328W,0.2517093552308484
YLR184W,YOR329C,0.029217435337662443
YLR184W,YOR330C,-0.1878280588975648
YLR184W,YOR331C,0.3301165045538266
YLR184W,YOR332W,-0.007285271394206844
YLR184W,YOR333C,0.14484043728435966
YLR184W,YOR334W,0.010998865552555661
YLR184W,YOR335C,0.14448506349264276
YLR184W,YOR336W,0.03803187808222209
YLR184W,YOR337W,0.031229578231359398
YLR184W,YOR338W,0.04113639081269845
YLR184W,YOR297C,0.043720701724376955
YLR184W,YOR298W,0.04874583726724197
YLR184W,YOR298C-A,0.02661067725103869
YLR184W,YOR299W,-0.024696618127118628
YLR184W,YOR300W,0.1041291220794003
YLR184W,YOR301W,0.03241522360909249
YLR184W,YOR302W,0.2119906634929167
YLR184W,YOR303W,0.25010731480262227
YLR184W,YOR304W,0.12512454620975463
YLR184W,YOR304C-A,0.11971022153556989
YLR184W,YOR305W,-0.11270712846925221
YLR184W,YOR306C,0.045825646503730534
YLR184W,YOR307C,0.16718715906775422
YLR184W,YOR308C,0.19496385147140555
YLR184W,YOR309C,0.16242982957906968
YLR184W,YOR310C,0.17253111569568721
YLR184W,YOR311C,0.32843844094616914
YLR184W,YOR313C,0.11941678655283472
YLR184W,YOR314W,0.2765782960294915
YLR184W,YOR315W,0.11183767937811041
YLR184W,YOR276W,0.20347183089933954
YLR184W,YOR277C,0.2863764730895868
YLR184W,YOR278W,0.1030999548566978
YLR184W,YOR279C,0.06321698534275061
YLR184W,YOR280C,0.15682340751874405
YLR184W,YOR281C,0.11954803049728498
YLR184W,YOR282W,0.24769797034318805
YLR184W,YOR283W,0.09214634764063279
YLR184W,YOR284W,-0.0025120367270962275
YLR184W,YOR285W,0.17058626636990215
YLR184W,YOR286W,-0.03987611636681326
YLR184W,YOR287C,0.1785431248179318
YLR184W,YOR288C,-0.040570389686566274
YLR184W,YOR289W,0.15442293147796868
YLR184W,YOR290C,0.38911606622912337
YLR184W,YOR291W,0.4146516575576547
YLR184W,YOR292C,0.26607637797848305
YLR184W,YOR293W,0.1696692460749001
YLR184W,YOR294W,0.18617089758929933
YLR184W,YOR295W,0.04641121499907609
YLR184W,YOR296W,0.3274457078199559
YLR184W,YOR253W,0.17666933025937265
YLR184W,YOR254C,0.15327756636804213
YLR184W,YOR255W,0.18498486340532017
YLR184W,YOR256C,0.3985524742621888
YLR184W,YOR257W,0.3772440168958186
YLR184W,YOR258W,0.401300017225235
YLR184W,YOR259C,0.07634843503015083
YLR184W,YOR260W,0.31262411278380203
YLR184W,YOR261C,0.08498018389152166
YLR184W,YOR262W,0.353178460237871
YLR184W,YOR263C,-0.08200231105028777
YLR184W,YOR264W,-0.04553684435125473
YLR184W,YOR265W,-0.029655889975604022
YLR184W,YOR266W,-0.1883415901695904
YLR184W,YOR267C,0.22292041322624295
YLR184W,YOR268C,0.23117132634816714
YLR184W,YOR269W,0.06037389296481303
YLR184W,YOR270C,0.1837390291731968
YLR184W,YOR271C,0.12487843468106395
YLR184W,YOR272W,0.1635506391653484
YLR184W,YOR273C,0.07305238928011147
YLR184W,YOR274W,0.19835617161120642
YLR184W,YOR275C,-0.16187653169343436
YLR184W,YOR231W,0.08217134199375188
YLR184W,YOR232W,-0.13737980142791814
YLR184W,YOR233W,0.1676141174383989
YLR184W,YOR234C,0.09758267172372874
YLR184W,YOR235W,0.02045046410020577
YLR184W,YOR236W,0.04683158433744479
YLR184W,YOR237W,0.18028822685474014
YLR184W,YOR238W,0.06642905982724498
YLR184W,YOR239W,0.03731711104057164
YLR184W,YOR240W,0.05449253927311292
YLR184W,YOR241W,0.16361041912775126
YLR184W,YOR242C,0.07592752275413961
YLR184W,YOR243C,0.2048188766621604
YLR184W,YOR244W,0.03513032598450396
YLR184W,YOR245C,0.19522351721052547
YLR184W,YOR246C,0.22261798989380804
YLR184W,YOR247W,-0.06977286470520792
YLR184W,YOR248W,-0.15821005413496464
YLR184W,YOR249C,0.07451404368733969
YLR184W,YOR250C,0.26211124875410197
YLR184W,YOR251C,0.3445373142605607
YLR184W,YOR252W,0.22417872320068535
YLR184W,YOR209C,0.07188980706074757
YLR184W,YOR210W,0.0671883406945744
YLR184W,YOR211C,-0.11171518548187034
YLR184W,YOR212W,0.2029297747541751
YLR184W,YOR213C,0.24419976402360993
YLR184W,YOR214C,-0.13725554215371252
YLR184W,YOR215C,0.07462910740034381
YLR184W,YOR216C,0.02120266294065969
YLR184W,YOR217W,-0.004855338049025777
YLR184W,YOR218C,0.2856243136035528
YLR184W,YOR219C,0.13206405868561125
YLR184W,YOR220W,0.19228335045812556
YLR184W,YOR221C,0.07313905448676536
YLR184W,YOR222W,0.35075100318854896
YLR184W,YOR223W,0.20036985605575608
YLR184W,YOR224C,0.24785781178757152
YLR184W,YOR225W,0.24676831177120037
YLR184W,YOR226C,0.09898677713306904
YLR184W,YOR227W,0.10588975707132636
YLR184W,YOR228C,0.09940859995870441
YLR184W,YOR229W,0.29433276239401285
YLR184W,YOR230W,0.13699411909531148
YLR184W,YOR187W,-0.03471218723745862
YLR184W,YOR188W,0.1571904284589317
YLR184W,YOR189W,0.002968576588840007
YLR184W,YOR190W,0.12632807315627437
YLR184W,YOR191W,0.387823539988492
YLR184W,YOR192C,0.49168953870137
YLR184W,YOR193W,0.21987476397945346
YLR184W,YOR194C,0.2797133536353913
YLR184W,YOR195W,0.043994459569900696
YLR184W,YOR196C,0.23881389134063463
YLR184W,YOR197W,0.33032889098493307
YLR184W,YOR198C,-0.050187179042432674
YLR184W,YOR199W,-0.16795444454755784
YLR184W,YOR200W,0.14050677882038393
YLR184W,YOR201C,0.04343829878524458
YLR184W,YOR202W,0.19867238182130564
YLR184W,YOR203W,0.16573946662981945
YLR184W,YOR204W,0.13916808026599664
YLR184W,YOR205C,-0.0580621437764854
YLR184W,YOR206W,0.09660207793128135
YLR184W,YOR207C,0.19799199690707564
YLR184W,YOR208W,-0.052899382664383814
YLR184W,YOR165W,0.1683983365773751
YLR184W,YOR166C,0.15051614285443807
YLR184W,YOR167C,0.1843600636550771
YLR184W,YOR168W,0.06519125178957749
YLR184W,YOR169C,0.20559881388219128
YLR184W,YOR170W,0.26352011852976553
YLR184W,YOR171C,-0.030603512887739114
YLR184W,YOR172W,-0.028292935665439074
YLR184W,YOR173W,0.06490364707384849
YLR184W,YOR174W,0.041350723607251415
YLR184W,YOR175C,-0.06299340877776327
YLR184W,YOR176W,-0.09623090475266745
YLR184W,YOR177C,-0.05044550144853322
YLR184W,YOR178C,0.08786422494355546
YLR184W,YOR179C,0.06541291670886051
YLR184W,YOR180C,-0.09997673960188104
YLR184W,YOR181W,0.1352212786820385
YLR184W,YOR182C,0.2948778057367857
YLR184W,YOR183W,0.25541070082663836
YLR184W,YOR184W,0.12736194267891576
YLR184W,YOR185C,0.15223946464853905
YLR184W,YOR186W,0.24366419529680944
YLR184W,YOR142W,-0.0021727532291851634
YLR184W,YOR143C,-0.025803584982182735
YLR184W,YOR144C,-0.07290890689193152
YLR184W,YOR145C,0.19664541774722305
YLR184W,YOR146W,0.24903301667559424
YLR184W,YOR147W,-0.16870404448232743
YLR184W,YOR148C,0.2143567678250976
YLR184W,YOR149C,0.20824514224505625
YLR184W,YOR150W,0.0027076781006266397
YLR184W,YOR151C,0.22999543447190493
YLR184W,YOR152C,0.18090025295152123
YLR184W,YOR153W,0.2381888912045608
YLR184W,YOR154W,0.30397477443141246
YLR184W,YOR155C,0.1056156546322665
YLR184W,YOR156C,0.07562799598513466
YLR184W,YOR157C,0.1928466070123875
YLR184W,YOR158W,0.04141405652412808
YLR184W,YOR159C,0.3189396326571586
YLR184W,YOR160W,0.3670980194877644
YLR184W,YOR161C,0.2520840987842614
YLR184W,YOR162C,0.2368118390545695
YLR184W,YOR163W,0.1429541616347461
YLR184W,YOR164C,0.10337016515499745
YLR184W,YOR120W,0.18317556913951327
YLR184W,YOR121C,0.24203507148981396
YLR184W,YOR122C,0.18274059774875667
YLR184W,YOR123C,0.1185437486625969
YLR184W,YOR124C,0.13540461959232558
YLR184W,YOR125C,0.06273420416857226
YLR184W,YOR126C,0.21991431905819536
YLR184W,YOR127W,0.2493635653041766
YLR184W,YOR128C,0.2478201870523941
YLR184W,YOR129C,0.30139774342678327
YLR184W,YOR130C,0.26017525539134756
YLR184W,YOR131C,-0.012209311120157228
YLR184W,YOR132W,0.22338703818868677
YLR184W,YOR133W,0.20615534551421302
YLR184W,YOR134W,0.10629134780868153
YLR184W,YOR135C,0.04550405197088413
YLR184W,YOR136W,0.0019496429420390565
YLR184W,YOR137C,0.10648037163983454
YLR184W,YOR138C,0.09757198121884936
YLR184W,YOR139C,0.3379494853235953
YLR184W,YOR140W,0.08772995282791643
YLR184W,YOR141C,0.18981821649185932
YLR184W,YOR097C,-0.012263544763425739
YLR184W,YOR098C,0.3236264718314296
YLR184W,YOR099W,-0.059630475767876424
YLR184W,YOR100C,0.14651585927159477
YLR184W,YOR101W,0.12288542632047794
YLR184W,YOR102W,-0.034326700696253404
YLR184W,YOR103C,-0.17939659852563036
YLR184W,YOR104W,0.2562076681441086
YLR184W,YOR106W,-0.09329005612760227
YLR184W,YOR107W,0.08224963912156913
YLR184W,YOR108W,0.1483592114819728
YLR184W,YOR109W,0.2642605746378457
YLR184W,YOR110W,0.18719008375042456
YLR184W,YOR111W,-0.23851289459998382
YLR184W,YOR112W,0.16352878939694368
YLR184W,YOR113W,0.09708587443219915
YLR184W,YOR114W,-0.19407538100809485
YLR184W,YOR115C,0.041526734655363405
YLR184W,YOR116C,0.23748121785066167
YLR184W,YOR117W,0.15723659505234933
YLR184W,YOR118W,0.28116694504174583
YLR184W,YOR119C,0.1693211239257661
YLR184W,YOR076C,0.07535200399882126
YLR184W,YOR077W,0.15671816164891084
YLR184W,YOR078W,0.12477901120738225
YLR184W,YOR079C,0.015368338126134886
YLR184W,YOR080W,0.05825056497154786
YLR184W,YOR081C,0.3339387844837349
YLR184W,YOR082C,0.24362083655388725
YLR184W,YOR083W,0.18909640049453938
YLR184W,YOR084W,0.02379550127842744
YLR184W,YOR085W,0.10772958679952285
YLR184W,YOR086C,0.05832861589818857
YLR184W,YOR087W,0.13432492828412407
YLR184W,YOR088W,0.011529421731225222
YLR184W,YOR089C,0.31515565662542366
YLR184W,YOR090C,0.21024477213337706
YLR184W,YOR091W,0.12414289009668325
YLR184W,YOR092W,0.41700740952552834
YLR184W,YOR093C,0.10990779835278647
YLR184W,YOR094W,0.3691996026105265
YLR184W,YOR095C,0.26466741495231494
YLR184W,YOR096W,0.37493125906813457
YLR184W,YOR052C,0.18807800345719822
YLR184W,YOR053W,0.29287410861182694
YLR184W,YOR054C,0.13871662367041646
YLR184W,YOR055W,0.2735051955673824
YLR184W,YOR056C,0.1300432395304571
YLR184W,YOR057W,0.22299869679269885
YLR184W,YOR058C,0.054185603313332525
YLR184W,YOR059C,0.1937419006357031
YLR184W,YOR060C,0.3876181944281038
YLR184W,YOR061W,0.4127331483381558
YLR184W,YOR062C,0.24164568511094373
YLR184W,YOR063W,0.24673825731311083
YLR184W,YOR064C,0.20450437903110985
YLR184W,YOR065W,-0.06879939813301733
YLR184W,YOR066W,0.19179460486194938
YLR184W,YOR067C,0.0782039828424047
YLR184W,YOR068C,0.01523243578077937
YLR184W,YOR070C,0.050946159372571985
YLR184W,YOR071C,0.1378878916637008
YLR184W,YOR072W,0.14920648973531464
YLR184W,YOR073W,-0.3232421952346556
YLR184W,YOR075W,0.013158922583769815
YLR184W,YOR029W,0.20629231053867586
YLR184W,YOR030W,0.13551485892422774
YLR184W,YOR031W,0.12521763949915746
YLR184W,YOR032C,0.29488109499647064
YLR184W,YOR033C,-0.03884883517729843
YLR184W,YOR034C,0.06644616220208621
YLR184W,YOR035C,0.24881361706354654
YLR184W,YOR036W,-0.024775922860017233
YLR184W,YOR037W,0.04868554560161226
YLR184W,YOR038C,0.0900150567436259
YLR184W,YOR039W,-0.03760833628282982
YLR184W,YOR040W,0.20071051268125256
YLR184W,YOR041C,0.33503755617568987
YLR184W,YOR042W,0.022195731413122078
YLR184W,YOR043W,0.17396261753885686
YLR184W,YOR044W,0.20415086117109152
YLR184W,YOR045W,-0.03535585796826679
YLR184W,YOR046C,0.26379502090056856
YLR184W,YOR047C,0.15968088450418189
YLR184W,YOR048C,0.30991807661002624
YLR184W,YOR049C,-0.10766085777344314
YLR184W,YOR050C,0.2532112624052625
YLR184W,YOR051C,0.10273057895149672
YLR184W,YOR008C-A,0.2152788042506735
YLR184W,YOR009W,0.19051799715972192
YLR184W,YOR010C,0.022852601485822455
YLR184W,YOR011W,0.26131810594863
YLR184W,YOR012W,0.011546671865205919
YLR184W,YOR013W,0.0381324640183358
YLR184W,YOR014W,0.004883100311891084
YLR184W,YOR015W,0.18604155715923906
YLR184W,YOR016C,0.09217803788481956
YLR184W,YOR017W,0.10087831797980935
YLR184W,YOR018W,0.1215377713790617
YLR184W,YOR019W,0.15480068482136616
YLR184W,YOR020C,0.08940710863747593
YLR184W,YOR021C,0.24318457530888482
YLR184W,YOR022C,0.17929582207377914
YLR184W,YOR023C,0.20420989869399309
YLR184W,YOR024W,-0.0076345009904235485
YLR184W,YOR025W,0.03715103598301184
YLR184W,YOR026W,-0.012928741539193572
YLR184W,YOR027W,0.25261217479615483
YLR184W,YOR028C,0.2292789248548661
YLR184W,YOL015W,-0.2847590331803831
YLR184W,YOL014W,0.18566811612881323
YLR184W,YOL013C,0.13603614150534676
YLR184W,YOL012C,-0.05470319424122355
YLR184W,YOL011W,0.11224955362606583
YLR184W,YOL010W,0.0860425586239491
YLR184W,YOL009C,0.0839319461025652
YLR184W,YOL008W,0.12890164677438695
YLR184W,YOL007C,-0.18588168389079668
YLR184W,YOL006C,0.2873288511261573
YLR184W,YOL005C,0.19156070346869686
YLR184W,YOL004W,0.18535679414259523
YLR184W,YOL003C,0.18581968519244352
YLR184W,YOL002C,-0.03142280280833979
YLR184W,YOL001W,0.09281944806662423
YLR184W,YOR001W,0.2821429599760495
YLR184W,YOR002W,0.07714981202020955
YLR184W,YOR003W,0.035632279431179456
YLR184W,YOR004W,0.1393173687893271
YLR184W,YOR005C,0.2125296837707248
YLR184W,YOR006C,0.13397778312851583
YLR184W,YOR007C,0.1308627989705822
YLR184W,YOR008C,0.19138484634741276
YLR184W,YOL037C,0.5749604469682468
YLR184W,YOL036W,0.32488366370283916
YLR184W,YOL035C,0.515342776258226
YLR184W,YOL034W,0.028245706383090832
YLR184W,YOL033W,-0.07278001592742346
YLR184W,YOL032W,0.055953741379953605
YLR184W,YOL031C,-0.0040709446895562775
YLR184W,YOL030W,0.15970655039924023
YLR184W,YOL029C,0.11257629135175655
YLR184W,YOL028C,0.1380500554465768
YLR184W,YOL027C,-0.02537332687228157
YLR184W,YOL026C,0.13610982375259817
YLR184W,YOL025W,0.22178164479175774
YLR184W,YOL024W,0.03274751399497242
YLR184W,YOL023W,-0.144700385894935
YLR184W,YOL022C,0.2132781642524466
YLR184W,YOL021C,0.16278909757292184
YLR184W,YOL020W,0.13633269889521735
YLR184W,YOL019W,-0.1999416163647963
YLR184W,YOL018C,0.1245782033844925
YLR184W,YOL017W,-0.12052718604286586
YLR184W,YOL016C,0.14544675506745364
YLR184W,YOL059W,0.19370526102421382
YLR184W,YOL058W,0.3423515100499851
YLR184W,YOL057W,-0.11327799121315266
YLR184W,YOL056W,-0.024936316615627573
YLR184W,YOL055C,0.1375299664540324
YLR184W,YOL054W,0.30021927187088276
YLR184W,YOL053W,0.025773725152266728
YLR184W,YOL053C-A,0.14506020990656932
YLR184W,YOL052C,0.11912986078287152
YLR184W,YOL051W,0.44627280669114716
YLR184W,YOL050C,0.37732174061876317
YLR184W,YOL049W,0.00920902573452373
YLR184W,YOL048C,0.12187657464432797
YLR184W,YOL047C,-0.021805619063303423
YLR184W,YOL046C,0.09807358930425489
YLR184W,YOL045W,0.14982299996657716
YLR184W,YOL044W,0.24055775462065793
YLR184W,YOL043C,0.3009346815273297
YLR184W,YOL042W,0.12461706535023066
YLR184W,YOL041C,0.1958966004820118
YLR184W,YOL040C,0.2225778238245668
YLR184W,YOL039W,0.2865697461289441
YLR184W,YOL038W,0.13093702801746335
YLR184W,YOL083W,0.14044300260821357
YLR184W,YOL082W,0.15463819474180748
YLR184W,YOL081W,0.22970877460405484
YLR184W,YOL080C,0.12963699953299826
YLR184W,YOL079W,0.11549403382858023
YLR184W,YOL078W,0.03019669702470969
YLR184W,YOL077C,0.14491257484234055
YLR184W,YOL076W,0.12200907351057952
YLR184W,YOL075C,0.23353579696867127
YLR184W,YOL073C,0.23239235229308508
YLR184W,YOL072W,0.3775305924804878
YLR184W,YOL071W,-0.0020074540997616582
YLR184W,YOL070C,0.2348796826285967
YLR184W,YOL069W,-0.06316256043132129
YLR184W,YOL068C,0.3998419255312697
YLR184W,YOL067C,0.06440216469656987
YLR184W,YOL066C,0.1147727046556798
YLR184W,YOL065C,0.1446821663204732
YLR184W,YOL064C,0.0499839971765595
YLR184W,YOL063C,-0.08673791810596201
YLR184W,YOL062C,0.05818620698272777
YLR184W,YOL061W,0.19934920508798198
YLR184W,YOL060C,0.11520854864055693
YLR184W,YOL105C,0.23751542991612512
YLR184W,YOL104C,0.028655978675528347
YLR184W,YOL103W,0.15860408287503308
YLR184W,YOL102C,0.08266747748736908
YLR184W,YOL101C,-0.17403567134452186
YLR184W,YOL100W,0.037596258053866224
YLR184W,YOL099C,0.1674282611198055
YLR184W,YOL098C,0.30733825122148317
YLR184W,YOL097C,0.1837424258647548
YLR184W,YOL096C,-0.00551470770670166
YLR184W,YOL095C,0.06718236739325831
YLR184W,YOL094C,0.017186087099575035
YLR184W,YOL093W,0.07350047879132646
YLR184W,YOL092W,0.20142552082804782
YLR184W,YOL091W,0.19087293168292463
YLR184W,YOL090W,-0.23019654864753172
YLR184W,YOL089C,0.32301732805819683
YLR184W,YOL088C,0.005594024526284997
YLR184W,YOL087C,0.20993340262776652
YLR184W,YOL086C,0.048802892773558086
YLR184W,YOL085C,0.24944265921609915
YLR184W,YOL084W,0.16470552827230522
YLR184W,YOL129W,-0.021231360956008857
YLR184W,YOL128C,0.11816385941521998
YLR184W,YOL127W,0.17570454035345065
YLR184W,YOL126C,0.19211901728409708
YLR184W,YOL125W,0.11010604754642471
YLR184W,YOL124C,0.09062327962443238
YLR184W,YOL123W,-0.10213368122398928
YLR184W,YOL122C,0.10667812898500763
YLR184W,YOL120C,0.2068357982401227
YLR184W,YOL119C,0.3864669689972454
YLR184W,YOL118C,0.08830558392114268
YLR184W,YOL117W,0.1290923656076916
YLR184W,YOL116W,0.2857912153916138
YLR184W,YOL115W,0.27410780595202255
YLR184W,YOL114C,0.04952777516857679
YLR184W,YOL113W,-0.017613139766348165
YLR184W,YOL112W,0.19715755841873683
YLR184W,YOL111C,0.16600945672671485
YLR184W,YOL110W,0.192266894584475
YLR184W,YOL109W,0.2731039989418214
YLR184W,YOL108C,0.11836945167400427
YLR184W,YOL107W,0.06056152601832303
YLR184W,YOL106W,-0.037877683433287665
YLR184W,YOL151W,0.24340803419428747
YLR184W,YOL150C,0.24649931436740768
YLR184W,YOL149W,-0.07384505346195927
YLR184W,YOL148C,0.103864774538101
YLR184W,YOL147C,0.10981710245481206
YLR184W,YOL146W,0.06053454399490526
YLR184W,YOL145C,0.045181010234159026
YLR184W,YOL144W,0.07123276458221497
YLR184W,YOL143C,0.07763355437829364
YLR184W,YOL142W,0.31511366923980355
YLR184W,YOL141W,0.15868769294931379
YLR184W,YOL140W,0.23514219091696797
YLR184W,YOL139C,0.24985727820880238
YLR184W,YOL138C,0.4562164806116662
YLR184W,YOL137W,0.2941892572257938
YLR184W,YOL136C,0.10367842861658437
YLR184W,YOL135C,0.20612114603750564
YLR184W,YOL134C,0.24674484686418027
YLR184W,YOL133W,0.22497859712260088
YLR184W,YOL132W,0.22176395153767808
YLR184W,YOL131W,0.2750998243306653
YLR184W,YOL130W,0.2287608580794818
YLR184W,SNR19,0.21859763851927996
YLR184W,SNR66,0.05227299207138965
YLR184W,YOL166C,0.0013640076802141482
YLR184W,YOL165C,0.2784101704659784
YLR184W,YOL164W,-0.02591911114515514
YLR184W,YOL163W,0.1607437719497831
YLR184W,YOL162W,-0.02532099123564583
YLR184W,YOL161C,0.023893575509613744
YLR184W,YOL160W,-0.018871851262103983
YLR184W,YOL159C,-0.041347265507858146
YLR184W,YOL158C,0.27217946843444213
YLR184W,YOL155C,0.21784568517061315
YLR184W,YOL154W,0.19545505342868866
YLR184W,YOL153C,0.12973450830083333
YLR184W,YOL152W,0.19406458533437676
YLR184W,NC_001146,0.24941163080785206
YLR184W,YNR064C,0.28547219068893614
YLR184W,YNR065C,0.15986365058100088
YLR184W,YNR066C,0.14479659069176704
YLR184W,YNR067C,-0.05235898599431627
YLR184W,YNR068C,0.27078831165193923
YLR184W,YNR069C,0.32520490224209314
YLR184W,YNR070W,0.03783067955986731
YLR184W,YNR071C,0.16975648805761823
YLR184W,YNR073C,0.1789790380459156
YLR184W,YNR074C,0.16044507583195397
YLR184W,YNR076W,0.025887352005349265
YLR184W,YNR032C-A,0.08035052626387856
YLR184W,YNR034w-a,-0.024617203875081588
YLR184W,YNL239W,0.033523903710463335
YLR184W,YNL044W,0.06723049881498705
YLR184W,YNR042W,0.12612724892754648
YLR184W,YNR043W,0.09295295352699116
YLR184W,YNR044W,0.050364397706010235
YLR184W,YNR045W,0.02501034730904468
YLR184W,YNR046W,0.23318155347907796
YLR184W,YNR047W,0.03472297997881694
YLR184W,YNR048W,0.01251139963191696
YLR184W,YNR049C,0.17179439752550546
YLR184W,YNR050C,0.019543284911101973
YLR184W,YNR051C,0.09989193834638099
YLR184W,YNR052C,0.13090707004207733
YLR184W,YNR053C,0.12453110989155991
YLR184W,YNR054C,0.14339711988484805
YLR184W,YNR055C,0.2330559154421717
YLR184W,YNR056C,0.2292292926056231
YLR184W,YNR057C,0.15980479457209545
YLR184W,YNR058W,0.13405162281410793
YLR184W,YNR059W,0.170926306299455
YLR184W,YNR060W,0.12078124462595922
YLR184W,YNR061C,0.282738612375128
YLR184W,YNR062C,0.3360108102971782
YLR184W,YNR063W,0.28159986506275897
YLR184W,YNR020C,-0.11430644826208536
YLR184W,YNR021W,0.12158858970174365
YLR184W,YNR022C,-0.1269686484345657
YLR184W,YNR023W,0.18782187831636094
YLR184W,YNR024W,0.20151898663950293
YLR184W,YNR025C,0.3768592837358181
YLR184W,YNR026C,0.0533619175740402
YLR184W,YNR027W,0.058124169471344495
YLR184W,YNR028W,-0.03257797006359459
YLR184W,YNR029C,0.047139798965671
YLR184W,YNR030W,0.12198970983820116
YLR184W,YNR031C,0.24034339380762634
YLR184W,YNR032W,0.1405396838201893
YLR184W,YNR033W,0.23666464824653993
YLR184W,YNR034W,0.2398068442415981
YLR184W,YNR035C,0.08658520554195949
YLR184W,YNR036C,-0.013408084543412507
YLR184W,YNR037C,0.035705080233864074
YLR184W,YNR038W,0.1918494121394706
YLR184W,YNR039C,0.3406450055681374
YLR184W,YNR040W,-0.02778056293094676
YLR184W,YNR041C,-0.06552096014493727
YLR184W,YNL004W,0.10313709790834724
YLR184W,YNL003C,0.27455120133403416
YLR184W,YNL002C,0.21459692138000905
YLR184W,YNL001W,0.18180777038596968
YLR184W,YNR001C,0.05772190166945678
YLR184W,YNR002C,0.2601540574501632
YLR184W,YNR003C,0.2681555403574996
YLR184W,YNR004W,0.1342667250461956
YLR184W,YNR005C,0.2286578370832089
YLR184W,YNR006W,0.34064626950385923
YLR184W,YNR007C,0.09267849483848165
YLR184W,YNR008W,0.11831222729536334
YLR184W,YNR009W,-0.2091876477210671
YLR184W,YNR010W,0.3474974989683889
YLR184W,YNR011C,0.18313188658336574
YLR184W,YNR012W,0.14687883360235224
YLR184W,YNR013C,0.12196772689294065
YLR184W,YNR014W,0.20285951822204654
YLR184W,YNR015W,0.24958477021574985
YLR184W,YNR016C,0.23713813340972847
YLR184W,YNR017W,0.019186450739857138
YLR184W,YNR018W,0.11873911655149047
YLR184W,YNR019W,0.07332838675439146
YLR184W,YNL027W,0.1254285345056369
YLR184W,YNL026W,0.020545553552100727
YLR184W,YNL025C,0.2298437390333645
YLR184W,YNL024C,0.13934645875903584
YLR184W,YNL023C,0.3151146608806725
YLR184W,YNL022C,0.16067932602774992
YLR184W,YNL021W,0.03975187789833294
YLR184W,YNL020C,0.010233730719080122
YLR184W,YNL017C,0.29887549951965126
YLR184W,YNL016W,0.16582940307213584
YLR184W,YNL015W,0.1036187883558268
YLR184W,YNL014W,0.26014184049331895
YLR184W,YNL013C,0.2872659613423805
YLR184W,YNL012W,0.059867832694694416
YLR184W,YNL011C,0.1845518495198079
YLR184W,YNL010W,0.1113301304359876
YLR184W,YNL009W,0.0935861960588776
YLR184W,YNL008C,0.1484633551223515
YLR184W,YNL007C,0.16173848070463642
YLR184W,YNL006W,0.22793094789924123
YLR184W,YNL005C,-0.0673059293019401
YLR184W,YNL051W,-0.02632458011205979
YLR184W,YNL050C,0.15359341419940625
YLR184W,YNL049C,0.04433574016336131
YLR184W,YNL048W,0.22295811103462754
YLR184W,YNL047C,0.2669776983057681
YLR184W,YNL046W,0.20901114040640986
YLR184W,YNL045W,0.19881935271489085
YLR184W,YNL043C,0.12324602102771298
YLR184W,YNL042W,0.12119295812014261
YLR184W,YNL041C,0.14941156188502186
YLR184W,YNL040W,0.14112991897896976
YLR184W,YNL039W,0.14284400861777505
YLR184W,YNL038W,0.11143294832640906
YLR184W,YNL037C,0.005515925583302134
YLR184W,YNL036W,0.05123506954093226
YLR184W,YNL035C,0.35757030621757807
YLR184W,YNL034W,0.24781186899984045
YLR184W,YNL033W,0.14692523136681487
YLR184W,YNL032W,0.3153548733547314
YLR184W,YNL031C,0.056266009261958426
YLR184W,YNL030W,-0.13181393759207438
YLR184W,YNL029C,0.34119628186985046
YLR184W,YNL028W,0.05396365660099574
YLR184W,YNL073W,0.046689534155241935
YLR184W,YNL072W,-0.11884035903158285
YLR184W,YNL071W,0.06577284347206719
YLR184W,YNL070W,0.006058061945851662
YLR184W,YNL069C,0.2531018659325525
YLR184W,YNL068C,0.2145350147450749
YLR184W,YNL067W,0.15942954541739693
YLR184W,YNL066W,0.01875086228047649
YLR184W,YNL065W,-0.03792686169739393
YLR184W,YNL064C,0.29150372731271545
YLR184W,YNL063W,0.2735399490076361
YLR184W,YNL062C,0.14243186313492348
YLR184W,YNL061W,0.17772655319529262
YLR184W,YNL059C,0.002151073223865838
YLR184W,YNL058C,0.08087001178535436
YLR184W,YNL057W,0.11393278417531309
YLR184W,YNL056W,0.18834675590027694
YLR184W,YNL055C,-0.01634373258176365
YLR184W,YNL054W,0.31458556019894096
YLR184W,YNL053W,0.2284133060713865
YLR184W,YNL052W,0.0840866474435858
YLR184W,YNL096C,0.17695000082027385
YLR184W,YNL095C,0.23468058644905643
YLR184W,YNL094W,0.09108988428416645
YLR184W,YNL093W,0.038924696722515514
YLR184W,YNL092W,0.20138796046695737
YLR184W,YNL091W,0.05348441423894629
YLR184W,YNL090W,-0.14642525377809665
YLR184W,YNL089C,0.11369192513274197
YLR184W,YNL088W,-0.13453629277143575
YLR184W,YNL087W,0.17661130789501955
YLR184W,YNL086W,0.338910954794168
YLR184W,YNL085W,0.10981577086187372
YLR184W,YNL084C,-0.025964609816749074
YLR184W,YNL083W,0.01795539229288292
YLR184W,YNL082W,-0.12068627675300203
YLR184W,YNL081C,-0.017425842408883722
YLR184W,YNL080C,0.1576005261235795
YLR184W,YNL079C,0.05240679603351437
YLR184W,YNL078W,-0.008124112825790985
YLR184W,YNL077W,0.21964396203631348
YLR184W,YNL076W,0.18166579037350086
YLR184W,YNL075W,0.15882250123693617
YLR184W,YNL074C,0.0720196858349802
YLR184W,YNL117W,0.27805377100835554
YLR184W,YNL116W,0.16594468521491484
YLR184W,YNL115C,0.08185490112481712
YLR184W,YNL114C,0.25042049287279206
YLR184W,YNL113W,0.17251703676608032
YLR184W,YNL112W,0.16124695857821253
YLR184W,YNL111C,0.06451727549704081
YLR184W,YNL110C,0.1608424552318099
YLR184W,YNL109W,0.43649004460832475
YLR184W,YNL108C,0.15425134634218407
YLR184W,YNL107W,0.31663666679136715
YLR184W,YNL106C,0.22621606500739494
YLR184W,YNL105W,0.21534394396949383
YLR184W,YNL104C,0.18476888146455694
YLR184W,YNL103W,0.27830161382089963
YLR184W,YNL102W,-0.09179122432272549
YLR184W,YNL101W,0.3633277811869065
YLR184W,YNL100W,0.009925260757264532
YLR184W,YNL099C,0.4053178958235649
YLR184W,YNL098C,0.07310938541187761
YLR184W,YNL097C,0.2539799212619198
YLR184W,YNL140C,0.22995395237775354
YLR184W,YNL138W,0.07309458706696577
YLR184W,YNL137C,0.0013444241775917255
YLR184W,YNL136W,0.21831896083863955
YLR184W,YNL135C,0.27853595365786027
YLR184W,YNL134C,0.3170036325356795
YLR184W,YNL133C,0.34897979127068857
YLR184W,YNL132W,0.21798808827307864
YLR184W,YNL131W,-0.006122106477905093
YLR184W,YNL130C,0.09657074647063568
YLR184W,YNL129W,0.010709010155329645
YLR184W,YNL128W,0.3531093207268904
YLR184W,YNL127W,0.313398808662617
YLR184W,YNL126W,-0.20009453039589392
YLR184W,YNL125C,0.12995154327122554
YLR184W,YNL124W,0.08495822640735054
YLR184W,YNL123W,0.09334489061996273
YLR184W,YNL122C,-0.15869864386359078
YLR184W,YNL121C,-0.16524624627332019
YLR184W,YNL120C,0.06294991001919766
YLR184W,YNL119W,0.17683069334558127
YLR184W,YNL118C,0.16547652831135898
YLR184W,YNL163C,0.12512231746901517
YLR184W,YNL162W,0.21392252152354754
YLR184W,YNL161W,0.24447775613896622
YLR184W,YNL160W,0.15003952016533986
YLR184W,YNL159C,0.18001063340056397
YLR184W,YNL158W,0.21119885282268325
YLR184W,YNL157W,0.20292135064842065
YLR184W,YNL156C,0.11733509968789728
YLR184W,YNL155W,-0.22277783642005494
YLR184W,YNL154C,0.019976835605188117
YLR184W,YNL153C,0.08132465569360481
YLR184W,YNL152W,0.06979578394352613
YLR184W,YNL151C,0.08444901092330098
YLR184W,YNL150W,0.27950880830044894
YLR184W,YNL149C,0.0030929802651364106
YLR184W,YNL148C,0.3321234546171073
YLR184W,YNL147W,0.12934024813060965
YLR184W,YNL146W,0.028174996377709437
YLR184W,YNL145W,0.22417131278362784
YLR184W,YNL144C,0.25859684312843495
YLR184W,YNL143C,0.020899436158363455
YLR184W,YNL142W,0.26410225723506753
YLR184W,YNL141W,0.09037817236406862
YLR184W,YNL186W,0.2606284223659719
YLR184W,YNL185C,-0.05435234297773239
YLR184W,YNL184C,-0.10883253872599341
YLR184W,YNL183C,0.18040381290581822
YLR184W,YNL182C,0.10421889564332147
YLR184W,YNL181W,-0.0631799242700322
YLR184W,YNL179C,0.10767753357601169
YLR184W,YNL178W,0.1974132119362584
YLR184W,YNL177C,-0.09553748113783236
YLR184W,YNL176C,0.11117769985138577
YLR184W,YNL175C,0.16015385073965738
YLR184W,YNL174W,0.2214662900603995
YLR184W,YNL173C,0.11381263875409271
YLR184W,YNL172W,0.3614800640853971
YLR184W,YNL171C,0.3782952408322998
YLR184W,YNL170W,0.17537549105096337
YLR184W,YNL169C,0.13518605583873491
YLR184W,YNL168C,0.37922064423614843
YLR184W,YNL167C,0.049473080666559595
YLR184W,YNL166C,0.009356006568297123
YLR184W,YNL165W,0.2488113741598762
YLR184W,YNL164C,0.29648197163083756
YLR184W,YNL208W,0.2052292315037432
YLR184W,YNL207W,0.14700627211659914
YLR184W,YNL206C,0.0765234040701482
YLR184W,YNL205C,0.26142473467341426
YLR184W,YNL204C,0.4609817986017353
YLR184W,YNL203C,0.12896326973774558
YLR184W,YNL202W,0.03900023114679261
YLR184W,YNL201C,0.06186691975774442
YLR184W,YNL200C,0.0710953532399957
YLR184W,YNL199C,0.20706876481480613
YLR184W,YNL198C,0.28856819398148575
YLR184W,YNL197C,-0.03650255509754445
YLR184W,YNL196C,0.1661893698946684
YLR184W,YNL195C,0.10792143161167984
YLR184W,YNL194C,0.191550395615664
YLR184W,YNL193W,0.15101448564258071
YLR184W,YNL192W,-0.1570088299503943
YLR184W,YNL191W,-0.07033256121203989
YLR184W,YNL190W,0.23889983766407774
YLR184W,YNL189W,0.0057333435614291
YLR184W,YNL188W,-0.17335451723943993
YLR184W,YNL187W,0.1332397363688089
YLR184W,YNL230C,0.3185803350935303
YLR184W,YNL229C,0.25890259507018537
YLR184W,YNL227C,0.1907595425898943
YLR184W,YNL228W,0.26769567568123104
YLR184W,YNL226W,0.2755758507385576
YLR184W,YNL225C,-0.1808141598641278
YLR184W,YNL224C,0.0018918028225795597
YLR184W,YNL223W,-0.0728140539118592
YLR184W,YNL222W,-0.059425602767442805
YLR184W,YNL221C,0.0002601438175021662
YLR184W,YNL220W,0.08659275040983314
YLR184W,YNL219C,0.1822430830739401
YLR184W,YNL218W,0.2329895789015063
YLR184W,YNL217W,-0.09346461516919076
YLR184W,YNL216W,0.06867036055165006
YLR184W,YNL215W,0.05653901219997392
YLR184W,YNL214W,0.02391423146500323
YLR184W,YNL213C,0.04116576861610854
YLR184W,YNL212W,0.1320492237634047
YLR184W,YNL211C,-0.03168638836843526
YLR184W,YNL210W,0.014894301232398911
YLR184W,YNL209W,0.18258144371655463
YLR184W,YNL254C,0.24236302665652384
YLR184W,YNL253W,0.14645587841282207
YLR184W,YNL252C,-0.034859623554111395
YLR184W,YNL251C,0.015494862754382575
YLR184W,YNL250W,0.32451465625520504
YLR184W,YNL249C,0.020952132595314192
YLR184W,YNL248C,0.10267082135437253
YLR184W,YNL247W,0.07195549849639984
YLR184W,YNL246W,0.159360802616229
YLR184W,YNL245C,0.10560163512374772
YLR184W,YNL244C,0.17575775537028313
YLR184W,YNL243W,-0.054099541187348145
YLR184W,YNL242W,0.22068743759777154
YLR184W,YNL241C,0.1167858212783623
YLR184W,YNL240C,0.35911355451718796
YLR184W,YNL238W,0.12747150094966772
YLR184W,YNL237W,0.1771879797687831
YLR184W,YNL236W,0.2703069852896702
YLR184W,YNL235C,0.35512805321209984
YLR184W,YNL234W,0.04108040836416093
YLR184W,YNL233W,0.007335643373991248
YLR184W,YNL232W,0.20717506331848418
YLR184W,YNL231C,0.08479792775538311
YLR184W,YNL276C,0.029753626730925384
YLR184W,YNL275W,0.14752666738106018
YLR184W,YNL274C,0.09763975349344127
YLR184W,YNL273W,-0.019751399507453075
YLR184W,YNL272C,0.011304795787618994
YLR184W,YNL271C,0.33141742918161776
YLR184W,YNL270C,0.02275203773812576
YLR184W,YNL269W,0.3267001628456955
YLR184W,YNL268W,0.1953552728495274
YLR184W,YNL267W,0.1875056067578656
YLR184W,YNL266W,0.25575059504422537
YLR184W,YNL265C,0.12291288323051079
YLR184W,YNL264C,0.05693614095452406
YLR184W,YNL263C,0.10493336862571954
YLR184W,YNL262W,-0.053814673234227756
YLR184W,YNL261W,0.06958283534985395
YLR184W,YNL260C,0.21425279045693285
YLR184W,YNL259C,-0.015568609267763475
YLR184W,YNL258C,0.0347937286271972
YLR184W,YNL257C,-0.1652623225805017
YLR184W,YNL256W,0.07151537905396846
YLR184W,YNL255C,0.24657629186409125
YLR184W,YNL299W,0.19863545093416574
YLR184W,YNL298W,0.12340305957848621
YLR184W,YNL297C,0.0842945083201948
YLR184W,YNL296W,0.46058894963317143
YLR184W,YNL295W,0.040066736609351616
YLR184W,YNL294C,0.23880081453648141
YLR184W,YNL293W,-0.03172963661812068
YLR184W,YNL292W,0.1737219220193046
YLR184W,YNL291C,-0.04449683175159509
YLR184W,YNL290W,-0.051325472640834514
YLR184W,YNL289W,-0.15065452131205778
YLR184W,YNL288W,0.1839356506549265
YLR184W,YNL287W,0.18473659104262577
YLR184W,YNL286W,0.15537283308717728
YLR184W,YNL285W,0.1426135902775427
YLR184W,YNL284C,-0.03163699077310309
YLR184W,YNL283C,-0.18754715598744212
YLR184W,YNL282W,-0.00800179246216902
YLR184W,YNL281W,0.19539770876271445
YLR184W,YNL280C,0.13152349550297698
YLR184W,YNL279W,0.3136646931579649
YLR184W,YNL278W,0.045498333682797064
YLR184W,YNL277W,-0.06049997929654189
YLR184W,YNL321W,0.05323844871494154
YLR184W,YNL320W,0.015549759962257544
YLR184W,YNL319W,0.37932932819313
YLR184W,YNL318C,0.15679530159475177
YLR184W,YNL317W,0.23938889909399816
YLR184W,YNL316C,0.13868413140092548
YLR184W,YNL315C,-0.059864992097226795
YLR184W,YNL314W,0.16043562377308007
YLR184W,YNL313C,0.07174207145886298
YLR184W,YNL312W,-0.14354469914680393
YLR184W,YNL311C,0.15110407262155126
YLR184W,YNL310C,0.033251736780547665
YLR184W,YNL309W,0.014096895284361574
YLR184W,YNL308C,0.15696103149029947
YLR184W,YNL307C,0.11037156533854112
YLR184W,YNL306W,-0.04336152006388097
YLR184W,YNL305C,0.24259052459224606
YLR184W,YNL304W,0.19952277833076568
YLR184W,YNL303W,-0.04648482661710014
YLR184W,YNL302C,0.2415500034723366
YLR184W,YNL301C,0.2699216657062457
YLR184W,YNL300W,-0.12729991061434529
YLR184W,SNR54,0.07318849239029271
YLR184W,CEN13,0.1929265710213895
YLR184W,SNR78,0.011793483379440882
YLR184W,SNR77,0.12434765160437573
YLR184W,SNR76,0.09234060947855999
YLR184W,SNR75,0.04507560341431016
YLR184W,SNR74,0.13475735606584327
YLR184W,SNR73,0.39815741191772475
YLR184W,SNR72,0.2339440203905421
YLR184W,SNR11,0.11588248094537155
YLR184W,YNL335W,0.1262287575874856
YLR184W,YNL334C,-0.0025324535998726837
YLR184W,YNL333W,-0.001856559326535518
YLR184W,YNL331C,0.1425571700850546
YLR184W,YNL330C,0.07649400008481257
YLR184W,YNL329C,0.11463992123011489
YLR184W,YNL328C,0.1637007061424797
YLR184W,YNL327W,-0.051104479694683125
YLR184W,YNL326C,0.1741019938839074
YLR184W,YNL325C,0.02658976927875995
YLR184W,YNL324W,-0.0519012142523401
YLR184W,YNL323W,0.1415775946055616
YLR184W,YNL322C,0.24982299932511373
YLR184W,YMR316C-B,0.10330411088507518
YLR184W,YMR317W,0.04024238653583262
YLR184W,YMR318C,0.17050532550370454
YLR184W,YMR319C,0.026971526203936422
YLR184W,YMR320W,0.221001713902474
YLR184W,YMR321C,0.29661624709200474
YLR184W,YMR322C,0.12408088969828018
YLR184W,YMR323W,0.19388846216233405
YLR184W,YMR324C,0.15558263814971818
YLR184W,YMR325W,0.0014526110311421485
YLR184W,YML081C-A,-0.020794210459760605
YLR184W,YMR194C-A,0.1425487075790039
YLR184W,YML058w-a,0.15776418769287556
YLR184W,YMR122w-a,-0.021497465214854794
YLR184W,YMR298W,0.2702642044319068
YLR184W,YMR299C,0.062264355008361534
YLR184W,YMR300C,0.11414144472134684
YLR184W,YMR301C,0.1581179095885734
YLR184W,YMR302C,-0.015797586934646512
YLR184W,YMR303C,0.20068219488488115
YLR184W,YMR304W,-0.0012849629006082552
YLR184W,YMR304C-A,-0.11599608193859055
YLR184W,YMR305C,-0.11748259886237944
YLR184W,YMR306W,0.018893708753506266
YLR184W,YMR306C-A,0.05086176001801009
YLR184W,YMR307W,0.03773211794096717
YLR184W,YMR308C,0.1826125624488558
YLR184W,YMR309C,0.03627704480641441
YLR184W,YMR310C,0.14196992840649209
YLR184W,YMR311C,0.062436126254119664
YLR184W,YMR312W,0.23623919275330477
YLR184W,YMR313C,0.2748543121741598
YLR184W,YMR314W,0.18984905947884378
YLR184W,YMR315W,0.17292896139273384
YLR184W,YMR316W,0.38332013969804274
YLR184W,YMR316C-A,0.18257154610529974
YLR184W,YMR277W,0.1418183460514119
YLR184W,YMR278W,0.2665549648027104
YLR184W,YMR279C,-0.016328380793691404
YLR184W,YMR280C,0.013833196156774894
YLR184W,YMR281W,0.025907439039062764
YLR184W,YMR282C,0.028554860342223168
YLR184W,YMR283C,0.2394036666056272
YLR184W,YMR284W,0.25515026122221324
YLR184W,YMR285C,0.22228386669376235
YLR184W,YMR286W,0.15471058733740023
YLR184W,YMR287C,0.06531555008758863
YLR184W,YMR288W,0.4167914175387607
YLR184W,YMR289W,0.10159524676883057
YLR184W,YMR290C,0.1352272341602311
YLR184W,YMR290W-A,0.18164287028875653
YLR184W,YMR291W,0.15557608201950948
YLR184W,YMR292W,0.10139089676505389
YLR184W,YMR293C,0.030424440211806375
YLR184W,YMR294W,0.06020035551397972
YLR184W,YMR294W-A,0.3225812549852338
YLR184W,YMR295C,0.10448276051608513
YLR184W,YMR296C,0.03677261418483303
YLR184W,YMR297W,0.08619448969948647
YLR184W,YMR255W,0.24544435373995635
YLR184W,YMR256C,0.09246747087320142
YLR184W,YMR257C,-0.05452591657686652
YLR184W,YMR258C,0.07642313022725464
YLR184W,YMR259C,0.2781692236935303
YLR184W,YMR260C,0.15369515355115815
YLR184W,YMR261C,0.005779551329625843
YLR184W,YMR262W,0.061746018526707566
YLR184W,YMR263W,0.046965256020488434
YLR184W,YMR264W,0.1301290570963101
YLR184W,YMR265C,0.24494038222301678
YLR184W,YMR266W,0.27945393080232583
YLR184W,YMR267W,-0.05761665768083413
YLR184W,YMR268C,0.24175290877174999
YLR184W,YMR269W,0.13504300133356856
YLR184W,YMR270C,0.07303941954090697
YLR184W,YMR271C,0.16627638867958336
YLR184W,YMR272C,0.41918754730289326
YLR184W,YMR273C,0.0406465479756125
YLR184W,YMR274C,0.11385429321754098
YLR184W,YMR275C,0.1484354212455419
YLR184W,YMR276W,0.15952657338407886
YLR184W,YMR232W,0.25561404770267415
YLR184W,YMR233W,0.2739689684570812
YLR184W,YMR234W,0.20045994659669336
YLR184W,YMR235C,0.36100146135313227
YLR184W,YMR236W,0.14702347441284858
YLR184W,YMR237W,0.080891628604023
YLR184W,YMR238W,0.04904252950933581
YLR184W,YMR239C,0.16242290848504448
YLR184W,YMR240C,0.004989613275981929
YLR184W,YMR241W,0.019345322372108485
YLR184W,YMR242C,0.09527447738005962
YLR184W,YMR243C,0.22385201320845735
YLR184W,YMR244W,-0.020023112423183075
YLR184W,YMR244C-A,0.05129878088350222
YLR184W,YMR245W,0.15404206404466392
YLR184W,YMR246W,0.06763940001334529
YLR184W,YMR247C,0.2348251622817337
YLR184W,YMR250W,0.152144653307507
YLR184W,YMR251W,0.3194333042626263
YLR184W,YMR251W-A,0.35349638075937523
YLR184W,YMR252C,0.17629182531306545
YLR184W,YMR253C,0.3102063952700287
YLR184W,YMR254C,0.3019497595796647
YLR184W,YMR212C,0.30748876322209556
YLR184W,YMR213W,0.2727938597917141
YLR184W,YMR214W,0.05520313874936835
YLR184W,YMR215W,-0.12378865766931733
YLR184W,YMR216C,0.025588079116166458
YLR184W,YMR217W,0.16456435582896936
YLR184W,YMR218C,0.3266985055420714
YLR184W,YMR219W,0.28612481485097097
YLR184W,YMR220W,0.2742431293465141
YLR184W,YMR221C,0.4527079661335853
YLR184W,YMR222C,0.26300151047995834
YLR184W,YMR223W,0.042447782649951846
YLR184W,YMR224C,0.40395959296305967
YLR184W,YMR225C,-0.05587894597594955
YLR184W,YMR226C,0.18100219224965297
YLR184W,YMR227C,0.20118864526723665
YLR184W,YMR228W,-0.015458301158968653
YLR184W,YMR229C,0.24654853095433846
YLR184W,YMR230W,0.11485680719506457
YLR184W,YMR231W,-0.03072472380693721
YLR184W,YMR191W,0.2900712164396688
YLR184W,YMR192W,0.23871135553144537
YLR184W,YMR193W,0.007545582875034926
YLR184W,YMR193C-A,0.2136277105757562
YLR184W,YMR194W,0.20641649571508228
YLR184W,YMR195W,0.39988042426392156
YLR184W,YMR196W,0.0786972645641874
YLR184W,YMR197C,0.07702192514420064
YLR184W,YMR198W,0.010246905186045985
YLR184W,YMR199W,-0.19141903527915619
YLR184W,YMR200W,0.23123854843727998
YLR184W,YMR201C,0.36339851259287775
YLR184W,YMR202W,0.2783554939554543
YLR184W,YMR203W,0.006143179987893193
YLR184W,YMR204C,0.22066698848944505
YLR184W,YMR205C,0.39746264307792256
YLR184W,YMR206W,0.09168619953930182
YLR184W,YMR207C,0.16771788228060422
YLR184W,YMR208W,-0.1153077544347118
YLR184W,YMR209C,-0.03851148370071759
YLR184W,YMR210W,-0.0018331286113152274
YLR184W,YMR211W,-0.06857479246939432
YLR184W,YMR171C,0.10881408848691779
YLR184W,YMR172W,0.37902539275650504
YLR184W,YMR172C-A,0.28015766205953196
YLR184W,YMR173W,0.20432289557280967
YLR184W,YMR173W-A,0.23380649964984362
YLR184W,YMR174C,0.10771785041156913
YLR184W,YMR175W,0.12666013814814214
YLR184W,YMR176W,0.2285855733763746
YLR184W,YMR177W,-0.00687835743653315
YLR184W,YMR178W,-0.021597691076178538
YLR184W,YMR179W,-0.23031235126540517
YLR184W,YMR180C,-0.017431694803161476
YLR184W,YMR181C,0.020716831952841543
YLR184W,YMR182C,0.019228231361919267
YLR184W,YMR183C,0.20154549633519098
YLR184W,YMR184W,-0.05227325215959849
YLR184W,YMR185W,0.2102581604224231
YLR184W,YMR186W,0.19373830397906433
YLR184W,YMR187C,0.29226930021013864
YLR184W,YMR188C,-0.060164784357318986
YLR184W,YMR189W,0.22141472221949576
YLR184W,YMR190C,0.1940089564644055
YLR184W,YMR152W,-0.048036612879222666
YLR184W,YMR153W,0.172546188172335
YLR184W,YMR153C-A,0.10881958122827746
YLR184W,YMR154C,0.139046979581632
YLR184W,YMR155W,0.06296012562220107
YLR184W,YMR156C,0.08394686056968834
YLR184W,YMR157C,-0.06587941286063254
YLR184W,YMR158W,-0.13404812601810134
YLR184W,YMR158W-A,0.20555264319473857
YLR184W,YMR159C,0.04512104307963038
YLR184W,YMR160W,0.2284706848891661
YLR184W,YMR161W,0.40287710668107
YLR184W,YMR162C,0.43491677729556866
YLR184W,YMR163C,0.21669363369907552
YLR184W,YMR164C,0.22142011378690682
YLR184W,YMR165C,0.19707459919350925
YLR184W,YMR166C,0.03581180319998923
YLR184W,YMR167W,0.23658876362817913
YLR184W,YMR168C,0.2074382345919789
YLR184W,YMR169C,0.21197285556871362
YLR184W,YMR170C,0.04143760669252281
YLR184W,YMR131C,0.11515476444034202
YLR184W,YMR132C,-0.10478322747822136
YLR184W,YMR133W,-0.015915737398756593
YLR184W,YMR134W,0.21368998183412763
YLR184W,YMR135C,0.17954540213087591
YLR184W,YMR135W-A,0.07850016412538155
YLR184W,YMR136W,0.10750917145535333
YLR184W,YMR137C,0.2189666067206166
YLR184W,YMR138W,0.20964689353184598
YLR184W,YMR139W,0.006848756869566619
YLR184W,YMR140W,0.27603221229076996
YLR184W,YMR141C,0.16623793863512967
YLR184W,YMR142C,0.15102157676558606
YLR184W,YMR143W,0.21973035117867262
YLR184W,YMR144W,-0.06485602012233416
YLR184W,YMR145C,0.19087147357065382
YLR184W,YMR146C,0.25226454138059823
YLR184W,YMR147W,0.16160866016130143
YLR184W,YMR148W,0.1629830375627574
YLR184W,YMR149W,0.17212574941211722
YLR184W,YMR150C,-0.013556368837774849
YLR184W,YMR151W,0.043100546936993646
YLR184W,YMR111C,0.29393981185979196
YLR184W,YMR112C,0.16166232298285607
YLR184W,YMR113W,0.18606130754639677
YLR184W,YMR114C,0.11215745047433391
YLR184W,YMR115W,0.13651793640673193
YLR184W,YMR116C,0.23960409813394912
YLR184W,YMR117C,0.13928694739167358
YLR184W,YMR118C,0.25517308638806424
YLR184W,YMR119W,0.14144420637088528
YLR184W,YMR119W-A,-0.035521891944478017
YLR184W,YMR120C,0.11178454656183498
YLR184W,YMR121C,0.24032658506302293
YLR184W,YMR122C,0.12225531206819938
YLR184W,YMR123W,0.11556221948297263
YLR184W,YMR124W,-0.06118085084656548
YLR184W,YMR125W,0.04041361897493361
YLR184W,YMR126C,0.013286538709131742
YLR184W,YMR127C,-0.0375042317913985
YLR184W,YMR128W,0.15591953226988553
YLR184W,YMR129W,0.14283725936885033
YLR184W,YMR130W,0.10584980429484633
YLR184W,YMR088C,0.16923727354004736
YLR184W,YMR089C,-0.08844893558271673
YLR184W,YMR090W,0.09982249091689328
YLR184W,YMR091C,0.05993238968231175
YLR184W,YMR092C,0.029011617520888395
YLR184W,YMR093W,0.0946030932076569
YLR184W,YMR094W,0.03013842778365836
YLR184W,YMR095C,0.11340138095035773
YLR184W,YMR096W,0.0018140714105455633
YLR184W,YMR097C,-0.011485204679214829
YLR184W,YMR098C,-0.01466576817906091
YLR184W,YMR099C,0.015093067746804955
YLR184W,YMR100W,0.17591573971113217
YLR184W,YMR101C,0.22251148829831213
YLR184W,YMR102C,0.2478440290853309
YLR184W,YMR103C,0.2244484335591222
YLR184W,YMR104C,0.2756181442213256
YLR184W,YMR105C,0.2097450516066316
YLR184W,YMR106C,0.09800438371415898
YLR184W,YMR107W,0.12886827622303904
YLR184W,YMR108W,0.24427879248787243
YLR184W,YMR109W,0.1887452152902207
YLR184W,YMR110C,0.09097282333763285
YLR184W,YMR068W,0.08785959763711672
YLR184W,YMR069W,0.030343899294943653
YLR184W,YMR070W,0.020672290421900715
YLR184W,YMR071C,0.08868851522127741
YLR184W,YMR072W,0.16186865076943432
YLR184W,YMR073C,0.340806892051242
YLR184W,YMR074C,0.1807957704783229
YLR184W,YMR075W,0.32087100253016765
YLR184W,YMR075C-A,0.1621919641649228
YLR184W,YMR076C,-0.1447445418764034
YLR184W,YMR077C,0.20833297936479514
YLR184W,YMR078C,-0.11934435199963349
YLR184W,YMR079W,0.11213826447613288
YLR184W,YMR080C,0.0782393665777965
YLR184W,YMR081C,0.19236745463115099
YLR184W,YMR082C,0.0037646015264653668
YLR184W,YMR083W,0.13508155245470607
YLR184W,YMR084W,0.27972579989108143
YLR184W,YMR085W,0.08244094260363953
YLR184W,YMR086W,0.2504632702414825
YLR184W,YMR086C-A,0.3597224856817301
YLR184W,YMR087W,-0.022855581880202012
YLR184W,YMR042W,0.3600787259361216
YLR184W,YMR043W,0.13281725681966597
YLR184W,YMR044W,0.0998454600851945
YLR184W,YMR047C,-0.017509949312290402
YLR184W,YMR048W,-0.023427479430290298
YLR184W,YMR049C,0.17832950171879763
YLR184W,YMR052W,0.16504895899371222
YLR184W,YMR052C-A,0.21950848323439007
YLR184W,YMR053C,0.07267710046113786
YLR184W,YMR054W,0.028421623227851932
YLR184W,YMR055C,0.1501513093376614
YLR184W,YMR056C,-0.0036763329483757404
YLR184W,YMR057C,0.22635191879256814
YLR184W,YMR058W,0.004634550062658431
YLR184W,YMR059W,0.2366671178846755
YLR184W,YMR060C,-0.0832165952920613
YLR184W,YMR061W,0.13564845322539365
YLR184W,YMR062C,0.26213169337357467
YLR184W,YMR063W,0.1560692614425728
YLR184W,YMR064W,0.07654362645763323
YLR184W,YMR065W,-0.039553299530637055
YLR184W,YMR066W,0.0843828010059868
YLR184W,YMR067C,-0.018821699708653977
YLR184W,YMR021C,0.32084768909871436
YLR184W,YMR022W,0.0029659695642222277
YLR184W,YMR023C,-0.023274956300384942
YLR184W,YMR024W,-0.11434471075871734
YLR184W,YMR025W,0.04656124688466543
YLR184W,YMR026C,0.16904353949931125
YLR184W,YMR027W,-0.0023034339165936566
YLR184W,YMR028W,-0.03291755806848058
YLR184W,YMR029C,-0.087423808096963
YLR184W,YMR030W,-0.09628927792174884
YLR184W,YMR031C,0.05705718799035015
YLR184W,YMR031W-A,0.22051158154604256
YLR184W,YMR032W,0.01463375035719337
YLR184W,YMR033W,0.06418585347788347
YLR184W,YMR034C,0.2830154362146972
YLR184W,YMR035W,0.22687706847219452
YLR184W,YMR036C,0.16874729743153313
YLR184W,YMR037C,0.3356829459366723
YLR184W,YMR038C,0.19783784590586087
YLR184W,YMR039C,0.13740886519519543
YLR184W,YMR040W,0.23314614633664182
YLR184W,YMR041C,0.03732925517331219
YLR184W,YML003W,0.09294269224246345
YLR184W,YML002W,0.2607216938498259
YLR184W,YML001W,-0.018432540679557227
YLR184W,YMR001C,-0.043853004106631274
YLR184W,YMR002W,0.08378610531649118
YLR184W,YMR003W,-0.12460441464013185
YLR184W,YMR004W,0.1165465709771158
YLR184W,YMR005W,0.2363915787617783
YLR184W,YMR006C,0.01972022920063279
YLR184W,YMR007W,0.12339565179633008
YLR184W,YMR008C,0.45880908487750843
YLR184W,YMR009W,0.2504368242405114
YLR184W,YMR010W,-0.0072315334619303395
YLR184W,YMR011W,0.21531349383784543
YLR184W,YMR012W,-0.007444256084807506
YLR184W,YMR013C,0.17811378039179185
YLR184W,YMR014W,0.11702099419692889
YLR184W,YMR015C,0.15225193123956385
YLR184W,YMR016C,0.10875996299177368
YLR184W,YMR017W,0.012930680345439902
YLR184W,YMR018W,0.030044552082895977
YLR184W,YMR019W,0.19439317186054636
YLR184W,YMR020W,0.2258651156354088
YLR184W,YML021C,0.011677886038927426
YLR184W,YML020W,0.09986898896961136
YLR184W,YML019W,0.18651097258916047
YLR184W,YML018C,0.013047853842963177
YLR184W,YML017W,0.19054446614488507
YLR184W,YML016C,0.1766485555384457
YLR184W,YML015C,0.10893540447936544
YLR184W,YML014W,0.28584128647333407
YLR184W,YML013W,0.21086825210058358
YLR184W,YML013C-A,0.20846901711453386
YLR184W,YML012W,0.04604890352735989
YLR184W,YML011C,0.13053926415930375
YLR184W,YML010W,0.2833087209060071
YLR184W,YML010W-A,-0.07102684952475508
YLR184W,YML010C-B,0.244116388267418
YLR184W,YML009C,-0.0576901835533336
YLR184W,YML008C,0.05987665347223874
YLR184W,YML007W,0.05894738449046539
YLR184W,YML006C,0.12255685246458636
YLR184W,YML005W,0.15850171510005162
YLR184W,YML004C,0.0791702216538603
YLR184W,YML046W,0.18142537385279842
YLR184W,YML043C,-0.05885353420708722
YLR184W,YML042W,0.008819673407640052
YLR184W,YML041C,0.23174881598122102
YLR184W,YML038C,-0.07231713715583792
YLR184W,YML037C,0.12402495673750118
YLR184W,YML036W,-0.11208780911578521
YLR184W,YML035C,0.18892851990987075
YLR184W,YML035C-A,0.18384879236736093
YLR184W,YML034W,0.2141720119912105
YLR184W,YML033W,0.01700858498820804
YLR184W,YML032C,0.12658935385059533
YLR184W,YML032C-A,0.36805545213118096
YLR184W,YML031W,-0.028177005736254
YLR184W,YML030W,0.026146112231491214
YLR184W,YML029W,0.3225690675394699
YLR184W,YML028W,0.16881933213565123
YLR184W,YML027W,-0.1640679114471113
YLR184W,YML026C,0.15238543870670304
YLR184W,YML025C,-0.019441853768755336
YLR184W,YML024W,0.372601027586203
YLR184W,YML023C,0.37824725549363203
YLR184W,YML022W,0.18548553469642415
YLR184W,YML065W,0.1279525171178852
YLR184W,YML064C,-0.027214453195657344
YLR184W,YML063W,0.0948719928665693
YLR184W,YML062C,0.052741906639342355
YLR184W,YML061C,0.026416463071071233
YLR184W,YML060W,-0.010381655001213337
YLR184W,YML059C,0.12873146954513748
YLR184W,YML058W,0.22556560463037445
YLR184W,YML058C-A,0.40908628250430257
YLR184W,YML057W,0.2340478928092917
YLR184W,YML056C,0.07520255631406322
YLR184W,YML055W,0.16838584319519237
YLR184W,YML054C,0.13205576031711053
YLR184W,YML053C,0.12562610008219394
YLR184W,YML052W,-0.022266850792467863
YLR184W,YML051W,0.15424227590473277
YLR184W,YML050W,-0.06478175505758148
YLR184W,YML049C,0.09979739846876946
YLR184W,YML048W,0.060993539791010354
YLR184W,YML048W-A,0.2509010967266099
YLR184W,YML047C,0.13904413390880893
YLR184W,YML088W,0.26809530617536653
YLR184W,YML087C,-0.08572582060884762
YLR184W,YML086C,0.3881147835070813
YLR184W,YML085C,-0.09146849928187925
YLR184W,YML084W,0.007816848651904226
YLR184W,YML083C,-0.00012521560323583707
YLR184W,YML082W,0.2092144224793147
YLR184W,YML081W,0.1523242933244321
YLR184W,YML080W,0.09336579957883899
YLR184W,YML079W,0.046961472906832814
YLR184W,YML078W,0.06642214397081243
YLR184W,YML077W,0.17910978248486395
YLR184W,YML076C,0.3906723306315245
YLR184W,YML075C,0.16126987852978897
YLR184W,YML074C,0.20355001361987524
YLR184W,YML073C,0.16611681778376244
YLR184W,YML072C,0.1417713148965784
YLR184W,YML071C,0.14701691429030544
YLR184W,YML070W,0.07120354923339804
YLR184W,YML069W,0.018973954914384864
YLR184W,YML068W,0.13489973357967264
YLR184W,YML067C,0.24470590760945227
YLR184W,YML066C,0.25462427191192355
YLR184W,YML108W,0.039231230893218776
YLR184W,YML107C,0.17342898352729688
YLR184W,YML106W,0.13023518769103237
YLR184W,YML105C,0.05050432810884063
YLR184W,YML104C,0.0607534427043109
YLR184W,YML103C,0.017170733044485
YLR184W,YML102W,0.016568207424672826
YLR184W,YML102C-A,0.09417500328876759
YLR184W,YML101C,0.008219146017444556
YLR184W,YML100W,0.02331205955672424
YLR184W,YML100W-A,0.35083593285317455
YLR184W,YML099C,0.28599913063602955
YLR184W,YML098W,0.3751738487285986
YLR184W,YML097C,0.11814895984713024
YLR184W,YML096W,0.012392806076716887
YLR184W,YML095C,0.16180858917466498
YLR184W,YML095C-A,0.2038677446479871
YLR184W,YML094W,0.1427599246382101
YLR184W,YML093W,0.12916477007588828
YLR184W,YML092C,0.09624945845273662
YLR184W,YML091C,0.07986907399341672
YLR184W,YML090W,0.33797924581750327
YLR184W,YML089C,0.22662877698255415
YLR184W,YML128C,0.10390377666270326
YLR184W,YML127W,0.15667526177990787
YLR184W,YML126C,0.07754112242714324
YLR184W,YML125C,0.1166679830868816
YLR184W,YML124C,-0.11510722100991652
YLR184W,YML123C,0.1175825718651768
YLR184W,YML122C,0.0853511020071533
YLR184W,YML121W,0.10225926467151564
YLR184W,YML120C,0.021463472364250696
YLR184W,YML119W,0.15735964422207693
YLR184W,YML118W,0.37144669037128897
YLR184W,YML117W,0.23990324434625274
YLR184W,YML117W-A,0.2254392315969153
YLR184W,YML116W,0.26753577098777886
YLR184W,YML115C,0.01706749515927327
YLR184W,YML114C,0.07768431120588778
YLR184W,YML113W,0.14028913828053585
YLR184W,YML112W,0.11934555037724501
YLR184W,YML111W,0.1290829603884913
YLR184W,YML110C,0.05558640741170348
YLR184W,YML109W,0.06909615698571536
YLR184W,CEN12,0.289722707596721
YLR184W,SNR79,-0.008460257075501887
YLR184W,SNR6,-0.12724703334425505
YLR184W,SNR61,0.2680534724802059
YLR184W,SNR55,0.19694836634499108
YLR184W,SNR57,0.14114201176324917
YLR184W,SNR44,0.15965578414603862
YLR184W,SNR34,0.14845542877252352
YLR184W,YML133C,0.01887903901275392
YLR184W,YML131W,0.03383168668696
YLR184W,YML130C,0.09274383780337732
YLR184W,YML129C,-0.13079516753439863
YLR184W,YLR446W,0.16360792614299136
YLR184W,YLR447C,0.25231948309962043
YLR184W,YLR448W,0.1395650301914329
YLR184W,YLR449W,0.14247080226928888
YLR184W,YLR450W,0.23279668462315975
YLR184W,YLR451W,0.4124002368410815
YLR184W,YLR452C,0.2889515899618082
YLR184W,YLR453C,0.1713548365896302
YLR184W,YLR454W,0.025576132081968947
YLR184W,YLR455W,0.031187244180519363
YLR184W,YLR456W,-0.03232475056772678
YLR184W,YLR457C,0.08500959790171883
YLR184W,YLR458W,0.24782266089222435
YLR184W,YLR459W,0.24224334390735255
YLR184W,YLR460C,0.12811888474872074
YLR184W,YLR461W,0.16172443000276812
YLR184W,YLR465C,0.105326700186537
YLR184W,YLL018C-A,0.2153436034852893
YLR184W,YLR264c-a,0.2655424724690308
YLR184W,YLR312W-A,-0.04895746549384554
YLR184W,YLR427W,0.315743059444232
YLR184W,YLR428C,0.19856523674830182
YLR184W,YLR429W,-0.057118396607016474
YLR184W,YLR430W,0.3845588821805765
YLR184W,YLR431C,0.07430437119331697
YLR184W,YLR432W,0.14994712047820255
YLR184W,YLR433C,0.24794203877298124
YLR184W,YLR434C,0.44881536670207406
YLR184W,YLR435W,0.10337309068536965
YLR184W,YLR436C,-0.13830061995442916
YLR184W,YLR437C,-0.031334682933029386
YLR184W,YLR438W,0.15546509315449758
YLR184W,YLR438C-A,0.16895394527952762
YLR184W,YLR439W,0.032176889839756556
YLR184W,YLR440C,0.34194908269839486
YLR184W,YLR441C,0.2217704088573112
YLR184W,YLR442C,0.13597777624653382
YLR184W,YLR443W,0.3122523034029551
YLR184W,YLR444C,0.1691655348036697
YLR184W,YLR445W,0.1709075273121479
YLR184W,YLR406C,0.1878801943629868
YLR184W,YLR407W,0.13349895511685148
YLR184W,YLR408C,-0.06437476628625417
YLR184W,YLR409C,0.22164218962615945
YLR184W,YLR410W,0.2968700307347778
YLR184W,YLR411W,0.06519832967638449
YLR184W,YLR412W,0.1743775668670451
YLR184W,YLR413W,0.10091741802506618
YLR184W,YLR414C,0.045719450126628584
YLR184W,YLR415C,0.1066185681704003
YLR184W,YLR416C,0.13991008673273717
YLR184W,YLR417W,0.13158371756169843
YLR184W,YLR418C,0.29666802243691215
YLR184W,YLR419W,0.36023901944021913
YLR184W,YLR420W,0.25568524941506166
YLR184W,YLR421C,0.27177463456234163
YLR184W,YLR422W,0.17421828666098804
YLR184W,YLR423C,-0.14689977056443496
YLR184W,YLR424W,0.108958583779227
YLR184W,YLR425W,0.11932806243669612
YLR184W,YLR426W,0.15916940230160023
YLR184W,YLR383W,-0.13745643417202982
YLR184W,YLR384C,0.3087406909271107
YLR184W,YLR385C,-0.15560566755973587
YLR184W,YLR386W,0.15487273762385767
YLR184W,YLR387C,0.22969632616853897
YLR184W,YLR388W,0.21042629911240335
YLR184W,YLR389C,0.028764507738650493
YLR184W,YLR390W,-0.03771729185714534
YLR184W,YLR391W-A,0.2278785950876875
YLR184W,YLR392C,-0.049775847745652226
YLR184W,YLR393W,-0.011010234363634686
YLR184W,YLR394W,0.031205350456746668
YLR184W,YLR395C,0.08895003346150347
YLR184W,YLR396C,0.3588658552720147
YLR184W,YLR397C,0.17059352531566932
YLR184W,YLR398C,0.1034960835192226
YLR184W,YLR399C,0.11675264725705156
YLR184W,YLR400W,0.26191390560404637
YLR184W,YLR401C,0.09370839153553528
YLR184W,YLR402W,0.26696414336630936
YLR184W,YLR403W,0.19508735484359274
YLR184W,YLR404W,0.14933649507548913
YLR184W,YLR405W,0.1019451788861129
YLR184W,YLR362W,0.22203257615122937
YLR184W,YLR363C,0.10965986322431784
YLR184W,YLR364W,-0.00631752968879544
YLR184W,YLR365W,0.4434649476722254
YLR184W,YLR366W,0.3188407519182226
YLR184W,YLR367W,0.09325494224753597
YLR184W,YLR368W,0.0776241807522038
YLR184W,YLR369W,-0.008287265968135796
YLR184W,YLR370C,0.055715466346799455
YLR184W,YLR371W,0.21392582448175487
YLR184W,YLR372W,0.036967795788116806
YLR184W,YLR373C,-0.1997253766424613
YLR184W,YLR374C,0.12170567720731115
YLR184W,YLR375W,0.35039496193104536
YLR184W,YLR376C,0.00651954118092662
YLR184W,YLR377C,0.037422134235503016
YLR184W,YLR378C,0.11491876092640055
YLR184W,YLR379W,0.11593120705292993
YLR184W,YLR380W,0.1344224104885658
YLR184W,YLR381W,-0.11654536646663285
YLR184W,YLR382C,-0.07834996100320618
YLR184W,YLR340W,0.36937084855852065
YLR184W,YLR341W,0.16389795446035318
YLR184W,YLR342W,0.10096200375156646
YLR184W,YLR343W,0.04755681931542305
YLR184W,YLR344W,0.3593167130026747
YLR184W,YLR345W,0.14592592695167866
YLR184W,YLR346C,0.21889394318057068
YLR184W,YLR347C,0.22190711891986617
YLR184W,YLR348C,0.06962016248492454
YLR184W,YLR349W,0.1466124545886457
YLR184W,YLR350W,0.2690999841764551
YLR184W,YLR351C,0.04904124402506475
YLR184W,YLR352W,0.22894633031229358
YLR184W,YLR353W,0.23908701967814122
YLR184W,YLR354C,0.1373637018743177
YLR184W,YLR355C,0.22008780560575522
YLR184W,YLR356W,0.16932998282175046
YLR184W,YLR358C,0.45220231845576514
YLR184W,YLR357W,0.22670216337916782
YLR184W,YLR359W,0.12277211756998171
YLR184W,YLR360W,-0.06762845040996066
YLR184W,YLR361C,0.24761088314792043
YLR184W,YLR317W,0.15844972085415499
YLR184W,YLR318W,0.18489621279642454
YLR184W,YLR319C,0.2503856527858341
YLR184W,YLR320W,0.41244382758263165
YLR184W,YLR321C,0.15935610643521092
YLR184W,YLR322W,0.2683452232409694
YLR184W,YLR323C,0.2692954255038209
YLR184W,YLR324W,0.18665973650083448
YLR184W,YLR325C,0.28756450234125314
YLR184W,YLR326W,-0.08611061781933044
YLR184W,YLR327C,-0.02236861914942863
YLR184W,YLR328W,0.19254606401325727
YLR184W,YLR329W,0.1939724642708788
YLR184W,YLR330W,0.083070996353528
YLR184W,Z75578,0.08169238190679569
YLR184W,Z73326,0.11445802752880077
YLR184W,J04423,0.29737987222200785
YLR184W,X03453,0.36794788601393674
YLR184W,L38424,0.21845449662122624
YLR184W,X17013,0.10842146656518059
YLR184W,M83649,0.2951604808530498
YLR184W,M37897,0.12000631431362642
YLR184W,M16762,0.1715175518371468
YLR184W,M25892,-0.030118065970978533
YLR184W,M24537,0.1468135006884376
YLR184W,X04603,-0.1353450891426891
YLR184W,K01391,0.10384789227371292
YLR184W,X61388,0.24800234140221045
YLR184W,U18530,0.3511664814971749
YLR184W,K02207,0.3043624280327042
YLR184W,M23316,0.0994204233708578
YLR184W,L12026,0.09198657157999698
YLR184W,X16860,0.36522815349209686
YLR184W,V01288,0.34469417987202405
